            0.                0.                    0.                 0.2
            0.                0.                    0.                 0.2
            0.                0.                    0.                 0.2
            0.                0.                    0.                 0.2
            0.                0.                    0.                 0.2
            0.                0.                    0.                 0.2
            0.560834          0.00230947            -0.42612           0.0208155
            0.560833          0.00240252            -0.44481           0.0198085
            0.5777            0.00306227           -0.320441           0.0256112
            0.5777            0.00218264           -0.245284           0.0261271
            0.492193          0.00259532           -0.111536           0.0215151
            0.492193          0.00259532          -0.0612497           0.0211495
            0.273485        -0.000698324          -0.0509346           0.0325086
            0.273485        -0.000698318           -0.054861           0.0311933
          0.00842309         0.000312898            0.164584           0.0333217
          0.00842309         0.000312898            0.192955           0.0333381
           -0.209641         0.000661031         -0.00120539           0.0327621
           -0.209641         0.000661031           -0.016022           0.0320569
           -0.268499        -0.000640563           -0.158013           0.0238278
           -0.268499        -0.000640563           -0.158013           0.0238237
           -0.268499        -0.000640563            0.146122           0.0247637
           -0.268499        -0.000640563            0.146122           0.0250443
           -0.268499        -0.000640563            0.441534           0.0232609
           -0.268499        -0.000640563            0.441534           0.0230438
           -0.393317        -0.000928955           -0.114769           0.0239178
           -0.393317        -0.000928955           -0.114769           0.0238388
           -0.393317        -0.000928955           0.0588072           0.0259558
           -0.393317        -0.000928955           0.0588072           0.0259252
           -0.393317        -0.000928955            0.228874           0.0238127
           -0.393317        -0.000928955            0.228874           0.0243135
