1  41  1650.0 1750.0 D0U
0   1650.0  0.3175
0   1652.5  0.3168
0   1655.0  0.3147
0   1657.5  0.3113
0   1660.0  0.3068
0   1662.5  0.3011
0   1665.0  0.2945
0   1667.5  0.2871
0   1670.0  0.2788
0   1672.5  0.2699
0   1675.0  0.2604
0   1677.5  0.2504
0   1680.0  0.2400
0   1682.5  0.2281
0   1685.0  0.2151
0   1687.5  0.2028
0   1690.0  0.1895
0   1692.5  0.1752
0   1695.0  0.1623
0   1697.5  0.1521
0   1700.0  0.1437
0   1702.5  0.1346
0   1705.0  0.1246
0   1707.5  0.1164
0   1710.0  0.1078
0   1712.5  0.0984
0   1715.0  0.0900
0   1717.5  0.0830
0   1720.0  0.0753
0   1722.5  0.0666
0   1725.0  0.0577
0   1727.5  0.0489
0   1730.0  0.0403
0   1732.5  0.0322
0   1735.0  0.0246
0   1737.5  0.0178
0   1740.0  0.0118
0   1742.5  0.0069
0   1745.0  0.0032
0   1747.5  0.0008
0   1750.0  0.0000
2  41  1650.0 1750.0 D0Up
0   1650.0  0.3175
0   1652.5  0.3165
0   1655.0  0.3136
0   1657.5  0.3091
0   1660.0  0.3034
0   1662.5  0.2969
0   1665.0  0.2898
0   1667.5  0.2825
0   1670.0  0.2752
0   1672.5  0.2684
0   1675.0  0.2624
0   1677.5  0.2574
0   1680.0  0.2534
0   1682.5  0.2460
0   1685.0  0.2337
0   1687.5  0.2219
0   1690.0  0.2085
0   1692.5  0.1948
0   1695.0  0.1832
0   1697.5  0.1718
0   1700.0  0.1598
0   1702.5  0.1495
0   1705.0  0.1412
0   1707.5  0.1308
0   1710.0  0.1198
0   1712.5  0.1100
0   1715.0  0.1018
0   1717.5  0.0950
0   1720.0  0.0882
0   1722.5  0.0804
0   1725.0  0.0717
0   1727.5  0.0623
0   1730.0  0.0526
0   1732.5  0.0429
0   1735.0  0.0334
0   1737.5  0.0245
0   1740.0  0.0165
0   1742.5  0.0098
0   1745.0  0.0045
0   1747.5  0.0012
0   1750.0  0.0000
3  41  1650.0 1750.0 D0X
0   1650.0  0.3175
0   1652.5  0.3172
0   1655.0  0.3162
0   1657.5  0.3147
0   1660.0  0.3126
0   1662.5  0.3101
0   1665.0  0.3073
0   1667.5  0.3040
0   1670.0  0.3005
0   1672.5  0.2968
0   1675.0  0.2930
0   1677.5  0.2890
0   1680.0  0.2850
0   1682.5  0.2809
0   1685.0  0.2769
0   1687.5  0.2718
0   1690.0  0.2641
0   1692.5  0.2532
0   1695.0  0.2393
0   1697.5  0.2231
0   1700.0  0.2082
0   1702.5  0.1927
0   1705.0  0.1756
0   1707.5  0.1620
0   1710.0  0.1475
0   1712.5  0.1315
0   1715.0  0.1171
0   1717.5  0.1044
0   1720.0  0.0924
0   1722.5  0.0805
0   1725.0  0.0689
0   1727.5  0.0577
0   1730.0  0.0471
0   1732.5  0.0372
0   1735.0  0.0282
0   1737.5  0.0202
0   1740.0  0.0133
0   1742.5  0.0077
0   1745.0  0.0035
0   1747.5  0.0009
0   1750.0  0.0000
4  41  1650.0 1750.0 D0Xp
0   1650.0  0.3175
0   1652.5  0.3166
0   1655.0  0.3143
0   1657.5  0.3106
0   1660.0  0.3060
0   1662.5  0.3008
0   1665.0  0.2951
0   1667.5  0.2893
0   1670.0  0.2837
0   1672.5  0.2785
0   1675.0  0.2741
0   1677.5  0.2706
0   1680.0  0.2666
0   1682.5  0.2578
0   1685.0  0.2438
0   1687.5  0.2285
0   1690.0  0.2121
0   1692.5  0.1955
0   1695.0  0.1802
0   1697.5  0.1665
0   1700.0  0.1539
0   1702.5  0.1414
0   1705.0  0.1286
0   1707.5  0.1161
0   1710.0  0.1035
0   1712.5  0.0932
0   1715.0  0.0856
0   1717.5  0.0770
0   1720.0  0.0686
0   1722.5  0.0608
0   1725.0  0.0528
0   1727.5  0.0449
0   1730.0  0.0371
0   1732.5  0.0297
0   1735.0  0.0228
0   1737.5  0.0165
0   1740.0  0.0109
0   1742.5  0.0064
0   1745.0  0.0029
0   1747.5  0.0008
0   1750.0  -0.0000
5  41  1650.0 1750.0 D0V
0   1650.0  0.3175
0   1652.5  0.3168
0   1655.0  0.3148
0   1657.5  0.3116
0   1660.0  0.3074
0   1662.5  0.3023
0   1665.0  0.2963
0   1667.5  0.2898
0   1670.0  0.2826
0   1672.5  0.2751
0   1675.0  0.2673
0   1677.5  0.2593
0   1680.0  0.2511
0   1682.5  0.2402
0   1685.0  0.2261
0   1687.5  0.2126
0   1690.0  0.1980
0   1692.5  0.1839
0   1695.0  0.1723
0   1697.5  0.1612
0   1700.0  0.1490
0   1702.5  0.1374
0   1705.0  0.1271
0   1707.5  0.1154
0   1710.0  0.1052
0   1712.5  0.0962
0   1715.0  0.0881
0   1717.5  0.0827
0   1720.0  0.0754
0   1722.5  0.0659
0   1725.0  0.0564
0   1727.5  0.0473
0   1730.0  0.0386
0   1732.5  0.0305
0   1735.0  0.0231
0   1737.5  0.0165
0   1740.0  0.0109
0   1742.5  0.0063
0   1745.0  0.0029
0   1747.5  0.0007
0   1750.0  0.0000
6  41  1650.0 1750.0 D0Vp
0   1650.0  0.3175
0   1652.5  0.3167
0   1655.0  0.3145
0   1657.5  0.3109
0   1660.0  0.3061
0   1662.5  0.3001
0   1665.0  0.2931
0   1667.5  0.2851
0   1670.0  0.2763
0   1672.5  0.2668
0   1675.0  0.2566
0   1677.5  0.2460
0   1680.0  0.2349
0   1682.5  0.2238
0   1685.0  0.2126
0   1687.5  0.2007
0   1690.0  0.1892
0   1692.5  0.1790
0   1695.0  0.1699
0   1697.5  0.1598
0   1700.0  0.1488
0   1702.5  0.1389
0   1705.0  0.1308
0   1707.5  0.1229
0   1710.0  0.1143
0   1712.5  0.1054
0   1715.0  0.0975
0   1717.5  0.0910
0   1720.0  0.0840
0   1722.5  0.0757
0   1725.0  0.0668
0   1727.5  0.0575
0   1730.0  0.0482
0   1732.5  0.0389
0   1735.0  0.0301
0   1737.5  0.0220
0   1740.0  0.0147
0   1742.5  0.0087
0   1745.0  0.0040
0   1747.5  0.0010
0   1750.0  0.0000
7  41  1650.0 1750.0 D1V
0   1650.0  0.3175
0   1652.5  0.3168
0   1655.0  0.3148
0   1657.5  0.3116
0   1660.0  0.3074
0   1662.5  0.3023
0   1665.0  0.2963
0   1667.5  0.2898
0   1670.0  0.2826
0   1672.5  0.2751
0   1675.0  0.2673
0   1677.5  0.2593
0   1680.0  0.2511
0   1682.5  0.2402
0   1685.0  0.2261
0   1687.5  0.2126
0   1690.0  0.1980
0   1692.5  0.1839
0   1695.0  0.1723
0   1697.5  0.1612
0   1700.0  0.1490
0   1702.5  0.1374
0   1705.0  0.1271
0   1707.5  0.1154
0   1710.0  0.1052
0   1712.5  0.0962
0   1715.0  0.0881
0   1717.5  0.0827
0   1720.0  0.0754
0   1722.5  0.0659
0   1725.0  0.0564
0   1727.5  0.0473
0   1730.0  0.0386
0   1732.5  0.0305
0   1735.0  0.0231
0   1737.5  0.0165
0   1740.0  0.0109
0   1742.5  0.0063
0   1745.0  0.0029
0   1747.5  0.0007
0   1750.0  0.0000
8  41  1650.0 1750.0 D1Vp
0   1650.0  0.3175
0   1652.5  0.3167
0   1655.0  0.3145
0   1657.5  0.3109
0   1660.0  0.3061
0   1662.5  0.3001
0   1665.0  0.2931
0   1667.5  0.2851
0   1670.0  0.2763
0   1672.5  0.2668
0   1675.0  0.2566
0   1677.5  0.2460
0   1680.0  0.2349
0   1682.5  0.2238
0   1685.0  0.2126
0   1687.5  0.2007
0   1690.0  0.1892
0   1692.5  0.1790
0   1695.0  0.1699
0   1697.5  0.1598
0   1700.0  0.1488
0   1702.5  0.1389
0   1705.0  0.1308
0   1707.5  0.1229
0   1710.0  0.1143
0   1712.5  0.1054
0   1715.0  0.0975
0   1717.5  0.0910
0   1720.0  0.0840
0   1722.5  0.0757
0   1725.0  0.0668
0   1727.5  0.0575
0   1730.0  0.0482
0   1732.5  0.0389
0   1735.0  0.0301
0   1737.5  0.0220
0   1740.0  0.0147
0   1742.5  0.0087
0   1745.0  0.0040
0   1747.5  0.0010
0   1750.0  0.0000
9  41  1650.0 1750.0 D1X
0   1650.0  0.3175
0   1652.5  0.3172
0   1655.0  0.3162
0   1657.5  0.3147
0   1660.0  0.3126
0   1662.5  0.3101
0   1665.0  0.3073
0   1667.5  0.3040
0   1670.0  0.3005
0   1672.5  0.2968
0   1675.0  0.2930
0   1677.5  0.2890
0   1680.0  0.2850
0   1682.5  0.2809
0   1685.0  0.2769
0   1687.5  0.2718
0   1690.0  0.2641
0   1692.5  0.2532
0   1695.0  0.2393
0   1697.5  0.2231
0   1700.0  0.2082
0   1702.5  0.1927
0   1705.0  0.1756
0   1707.5  0.1620
0   1710.0  0.1475
0   1712.5  0.1315
0   1715.0  0.1171
0   1717.5  0.1044
0   1720.0  0.0924
0   1722.5  0.0805
0   1725.0  0.0689
0   1727.5  0.0577
0   1730.0  0.0471
0   1732.5  0.0372
0   1735.0  0.0282
0   1737.5  0.0202
0   1740.0  0.0133
0   1742.5  0.0077
0   1745.0  0.0035
0   1747.5  0.0009
0   1750.0  0.0000
10  41  1650.0 1750.0 D1Xp
0   1650.0  0.3175
0   1652.5  0.3166
0   1655.0  0.3143
0   1657.5  0.3106
0   1660.0  0.3060
0   1662.5  0.3008
0   1665.0  0.2951
0   1667.5  0.2893
0   1670.0  0.2837
0   1672.5  0.2785
0   1675.0  0.2741
0   1677.5  0.2706
0   1680.0  0.2666
0   1682.5  0.2578
0   1685.0  0.2438
0   1687.5  0.2285
0   1690.0  0.2121
0   1692.5  0.1955
0   1695.0  0.1802
0   1697.5  0.1665
0   1700.0  0.1539
0   1702.5  0.1414
0   1705.0  0.1286
0   1707.5  0.1161
0   1710.0  0.1035
0   1712.5  0.0932
0   1715.0  0.0856
0   1717.5  0.0770
0   1720.0  0.0686
0   1722.5  0.0608
0   1725.0  0.0528
0   1727.5  0.0449
0   1730.0  0.0371
0   1732.5  0.0297
0   1735.0  0.0228
0   1737.5  0.0165
0   1740.0  0.0109
0   1742.5  0.0064
0   1745.0  0.0029
0   1747.5  0.0008
0   1750.0  -0.0000
11  41  1650.0 1750.0 D1U
0   1650.0  0.3175
0   1652.5  0.3168
0   1655.0  0.3147
0   1657.5  0.3113
0   1660.0  0.3068
0   1662.5  0.3011
0   1665.0  0.2945
0   1667.5  0.2871
0   1670.0  0.2788
0   1672.5  0.2699
0   1675.0  0.2604
0   1677.5  0.2504
0   1680.0  0.2400
0   1682.5  0.2281
0   1685.0  0.2151
0   1687.5  0.2028
0   1690.0  0.1895
0   1692.5  0.1752
0   1695.0  0.1623
0   1697.5  0.1521
0   1700.0  0.1437
0   1702.5  0.1346
0   1705.0  0.1246
0   1707.5  0.1164
0   1710.0  0.1078
0   1712.5  0.0984
0   1715.0  0.0900
0   1717.5  0.0830
0   1720.0  0.0753
0   1722.5  0.0666
0   1725.0  0.0577
0   1727.5  0.0489
0   1730.0  0.0403
0   1732.5  0.0322
0   1735.0  0.0246
0   1737.5  0.0178
0   1740.0  0.0118
0   1742.5  0.0069
0   1745.0  0.0032
0   1747.5  0.0008
0   1750.0  0.0000
12  41  1650.0 1750.0 D1Up
0   1650.0  0.3175
0   1652.5  0.3165
0   1655.0  0.3136
0   1657.5  0.3091
0   1660.0  0.3034
0   1662.5  0.2969
0   1665.0  0.2898
0   1667.5  0.2825
0   1670.0  0.2752
0   1672.5  0.2684
0   1675.0  0.2624
0   1677.5  0.2574
0   1680.0  0.2534
0   1682.5  0.2460
0   1685.0  0.2337
0   1687.5  0.2219
0   1690.0  0.2085
0   1692.5  0.1948
0   1695.0  0.1832
0   1697.5  0.1718
0   1700.0  0.1598
0   1702.5  0.1495
0   1705.0  0.1412
0   1707.5  0.1308
0   1710.0  0.1198
0   1712.5  0.1100
0   1715.0  0.1018
0   1717.5  0.0950
0   1720.0  0.0882
0   1722.5  0.0804
0   1725.0  0.0717
0   1727.5  0.0623
0   1730.0  0.0526
0   1732.5  0.0429
0   1735.0  0.0334
0   1737.5  0.0245
0   1740.0  0.0165
0   1742.5  0.0098
0   1745.0  0.0045
0   1747.5  0.0012
0   1750.0  0.0000
13  105  1450.0 1710.0 D2V
0   1450.0  1.0105
0   1452.5  1.0104
0   1455.0  1.0101
0   1457.5  1.0097
0   1460.0  1.0091
0   1462.5  1.0084
0   1465.0  1.0075
0   1467.5  1.0064
0   1470.0  1.0052
0   1472.5  1.0039
0   1475.0  1.0025
0   1477.5  1.0010
0   1480.0  0.9993
0   1482.5  0.9976
0   1485.0  0.9957
0   1487.5  0.9938
0   1490.0  0.9918
0   1492.5  0.9897
0   1495.0  0.9876
0   1497.5  0.9854
0   1500.0  0.9832
0   1502.5  0.9809
0   1505.0  0.9787
0   1507.5  0.9764
0   1510.0  0.9741
0   1512.5  0.9717
0   1515.0  0.9694
0   1517.5  0.9672
0   1520.0  0.9649
0   1522.5  0.9627
0   1525.0  0.9605
0   1527.5  0.9584
0   1530.0  0.9563
0   1532.5  0.9543
0   1535.0  0.9523
0   1537.5  0.9502
0   1540.0  0.9476
0   1542.5  0.9444
0   1545.0  0.9404
0   1547.5  0.9352
0   1550.0  0.9287
0   1552.5  0.9208
0   1555.0  0.9117
0   1557.5  0.9015
0   1560.0  0.8907
0   1562.5  0.8791
0   1565.0  0.8666
0   1567.5  0.8529
0   1570.0  0.8380
0   1572.5  0.8222
0   1575.0  0.8058
0   1577.5  0.7891
0   1580.0  0.7720
0   1582.5  0.7545
0   1585.0  0.7364
0   1587.5  0.7176
0   1590.0  0.6984
0   1592.5  0.6788
0   1595.0  0.6591
0   1597.5  0.6391
0   1600.0  0.6188
0   1602.5  0.5982
0   1605.0  0.5771
0   1607.5  0.5557
0   1610.0  0.5340
0   1612.5  0.5120
0   1615.0  0.4900
0   1617.5  0.4684
0   1620.0  0.4477
0   1622.5  0.4278
0   1625.0  0.4083
0   1627.5  0.3890
0   1630.0  0.3694
0   1632.5  0.3495
0   1635.0  0.3294
0   1637.5  0.3092
0   1640.0  0.2890
0   1642.5  0.2694
0   1645.0  0.2507
0   1647.5  0.2333
0   1650.0  0.2171
0   1652.5  0.2021
0   1655.0  0.1881
0   1657.5  0.1748
0   1660.0  0.1622
0   1662.5  0.1500
0   1665.0  0.1380
0   1667.5  0.1263
0   1670.0  0.1149
0   1672.5  0.1039
0   1675.0  0.0932
0   1677.5  0.0829
0   1680.0  0.0729
0   1682.5  0.0632
0   1685.0  0.0538
0   1687.5  0.0449
0   1690.0  0.0365
0   1692.5  0.0287
0   1695.0  0.0217
0   1697.5  0.0154
0   1700.0  0.0101
0   1702.5  0.0058
0   1705.0  0.0027
0   1707.5  0.0007
0   1710.0  0.0000
14  105  1450.0 1710.0 D2Vp
0   1450.0  1.0105
0   1452.5  1.0105
0   1455.0  1.0104
0   1457.5  1.0102
0   1460.0  1.0100
0   1462.5  1.0096
0   1465.0  1.0092
0   1467.5  1.0087
0   1470.0  1.0081
0   1472.5  1.0074
0   1475.0  1.0066
0   1477.5  1.0057
0   1480.0  1.0046
0   1482.5  1.0035
0   1485.0  1.0022
0   1487.5  1.0008
0   1490.0  0.9993
0   1492.5  0.9976
0   1495.0  0.9959
0   1497.5  0.9941
0   1500.0  0.9921
0   1502.5  0.9901
0   1505.0  0.9880
0   1507.5  0.9858
0   1510.0  0.9836
0   1512.5  0.9813
0   1515.0  0.9789
0   1517.5  0.9765
0   1520.0  0.9741
0   1522.5  0.9716
0   1525.0  0.9691
0   1527.5  0.9666
0   1530.0  0.9641
0   1532.5  0.9616
0   1535.0  0.9590
0   1537.5  0.9563
0   1540.0  0.9534
0   1542.5  0.9500
0   1545.0  0.9460
0   1547.5  0.9414
0   1550.0  0.9359
0   1552.5  0.9295
0   1555.0  0.9219
0   1557.5  0.9129
0   1560.0  0.9024
0   1562.5  0.8904
0   1565.0  0.8771
0   1567.5  0.8626
0   1570.0  0.8470
0   1572.5  0.8307
0   1575.0  0.8142
0   1577.5  0.7977
0   1580.0  0.7811
0   1582.5  0.7638
0   1585.0  0.7456
0   1587.5  0.7262
0   1590.0  0.7061
0   1592.5  0.6858
0   1595.0  0.6657
0   1597.5  0.6457
0   1600.0  0.6256
0   1602.5  0.6051
0   1605.0  0.5842
0   1607.5  0.5630
0   1610.0  0.5420
0   1612.5  0.5214
0   1615.0  0.5010
0   1617.5  0.4807
0   1620.0  0.4602
0   1622.5  0.4396
0   1625.0  0.4188
0   1627.5  0.3981
0   1630.0  0.3775
0   1632.5  0.3573
0   1635.0  0.3375
0   1637.5  0.3182
0   1640.0  0.2994
0   1642.5  0.2812
0   1645.0  0.2633
0   1647.5  0.2459
0   1650.0  0.2289
0   1652.5  0.2124
0   1655.0  0.1967
0   1657.5  0.1817
0   1660.0  0.1674
0   1662.5  0.1536
0   1665.0  0.1404
0   1667.5  0.1279
0   1670.0  0.1161
0   1672.5  0.1053
0   1675.0  0.0953
0   1677.5  0.0858
0   1680.0  0.0765
0   1682.5  0.0671
0   1685.0  0.0578
0   1687.5  0.0488
0   1690.0  0.0400
0   1692.5  0.0318
0   1695.0  0.0242
0   1697.5  0.0174
0   1700.0  0.0115
0   1702.5  0.0067
0   1705.0  0.0031
0   1707.5  0.0008
0   1710.0  0.0000
15  105  1450.0 1710.0 D2Xp
0   1450.0  1.0415
0   1452.5  1.0411
0   1455.0  1.0400
0   1457.5  1.0383
0   1460.0  1.0362
0   1462.5  1.0335
0   1465.0  1.0306
0   1467.5  1.0274
0   1470.0  1.0242
0   1472.5  1.0208
0   1475.0  1.0176
0   1477.5  1.0145
0   1480.0  1.0115
0   1482.5  1.0088
0   1485.0  1.0062
0   1487.5  1.0037
0   1490.0  1.0014
0   1492.5  0.9992
0   1495.0  0.9972
0   1497.5  0.9952
0   1500.0  0.9933
0   1502.5  0.9915
0   1505.0  0.9897
0   1507.5  0.9880
0   1510.0  0.9863
0   1512.5  0.9847
0   1515.0  0.9830
0   1517.5  0.9814
0   1520.0  0.9797
0   1522.5  0.9778
0   1525.0  0.9757
0   1527.5  0.9734
0   1530.0  0.9706
0   1532.5  0.9674
0   1535.0  0.9638
0   1537.5  0.9595
0   1540.0  0.9545
0   1542.5  0.9488
0   1545.0  0.9422
0   1547.5  0.9347
0   1550.0  0.9260
0   1552.5  0.9161
0   1555.0  0.9051
0   1557.5  0.8928
0   1560.0  0.8794
0   1562.5  0.8651
0   1565.0  0.8503
0   1567.5  0.8356
0   1570.0  0.8212
0   1572.5  0.8067
0   1575.0  0.7919
0   1577.5  0.7763
0   1580.0  0.7599
0   1582.5  0.7427
0   1585.0  0.7249
0   1587.5  0.7065
0   1590.0  0.6876
0   1592.5  0.6683
0   1595.0  0.6486
0   1597.5  0.6286
0   1600.0  0.6086
0   1602.5  0.5886
0   1605.0  0.5688
0   1607.5  0.5491
0   1610.0  0.5297
0   1612.5  0.5103
0   1615.0  0.4909
0   1617.5  0.4710
0   1620.0  0.4503
0   1622.5  0.4289
0   1625.0  0.4073
0   1627.5  0.3863
0   1630.0  0.3662
0   1632.5  0.3466
0   1635.0  0.3268
0   1637.5  0.3060
0   1640.0  0.2845
0   1642.5  0.2634
0   1645.0  0.2440
0   1647.5  0.2271
0   1650.0  0.2123
0   1652.5  0.1988
0   1655.0  0.1858
0   1657.5  0.1730
0   1660.0  0.1603
0   1662.5  0.1476
0   1665.0  0.1348
0   1667.5  0.1224
0   1670.0  0.1107
0   1672.5  0.1001
0   1675.0  0.0904
0   1677.5  0.0814
0   1680.0  0.0726
0   1682.5  0.0638
0   1685.0  0.0550
0   1687.5  0.0464
0   1690.0  0.0381
0   1692.5  0.0303
0   1695.0  0.0231
0   1697.5  0.0166
0   1700.0  0.0110
0   1702.5  0.0064
0   1705.0  0.0029
0   1707.5  0.0008
0   1710.0  0.0000
16  105  1450.0 1710.0 D2X
0   1450.0  1.0415
0   1452.5  1.0411
0   1455.0  1.0401
0   1457.5  1.0385
0   1460.0  1.0363
0   1462.5  1.0338
0   1465.0  1.0310
0   1467.5  1.0280
0   1470.0  1.0248
0   1472.5  1.0216
0   1475.0  1.0185
0   1477.5  1.0155
0   1480.0  1.0127
0   1482.5  1.0101
0   1485.0  1.0076
0   1487.5  1.0052
0   1490.0  1.0030
0   1492.5  1.0008
0   1495.0  0.9987
0   1497.5  0.9967
0   1500.0  0.9948
0   1502.5  0.9928
0   1505.0  0.9909
0   1507.5  0.9889
0   1510.0  0.9870
0   1512.5  0.9850
0   1515.0  0.9829
0   1517.5  0.9807
0   1520.0  0.9785
0   1522.5  0.9761
0   1525.0  0.9734
0   1527.5  0.9706
0   1530.0  0.9674
0   1532.5  0.9640
0   1535.0  0.9602
0   1537.5  0.9559
0   1540.0  0.9512
0   1542.5  0.9457
0   1545.0  0.9393
0   1547.5  0.9318
0   1550.0  0.9228
0   1552.5  0.9123
0   1555.0  0.9007
0   1557.5  0.8882
0   1560.0  0.8752
0   1562.5  0.8617
0   1565.0  0.8476
0   1567.5  0.8328
0   1570.0  0.8173
0   1572.5  0.8015
0   1575.0  0.7857
0   1577.5  0.7702
0   1580.0  0.7548
0   1582.5  0.7390
0   1585.0  0.7222
0   1587.5  0.7042
0   1590.0  0.6852
0   1592.5  0.6656
0   1595.0  0.6460
0   1597.5  0.6263
0   1600.0  0.6066
0   1602.5  0.5871
0   1605.0  0.5677
0   1607.5  0.5484
0   1610.0  0.5291
0   1612.5  0.5098
0   1615.0  0.4904
0   1617.5  0.4706
0   1620.0  0.4503
0   1622.5  0.4296
0   1625.0  0.4087
0   1627.5  0.3881
0   1630.0  0.3682
0   1632.5  0.3487
0   1635.0  0.3294
0   1637.5  0.3099
0   1640.0  0.2902
0   1642.5  0.2706
0   1645.0  0.2512
0   1647.5  0.2324
0   1650.0  0.2145
0   1652.5  0.1983
0   1655.0  0.1840
0   1657.5  0.1715
0   1660.0  0.1598
0   1662.5  0.1480
0   1665.0  0.1353
0   1667.5  0.1224
0   1670.0  0.1102
0   1672.5  0.0993
0   1675.0  0.0898
0   1677.5  0.0812
0   1680.0  0.0728
0   1682.5  0.0643
0   1685.0  0.0557
0   1687.5  0.0472
0   1690.0  0.0390
0   1692.5  0.0311
0   1695.0  0.0238
0   1697.5  0.0172
0   1700.0  0.0114
0   1702.5  0.0066
0   1705.0  0.0031
0   1707.5  0.0008
0   1710.0  0.0000
17  105  1450.0 1710.0 D2U
0   1450.0  1.0105
0   1452.5  1.0104
0   1455.0  1.0100
0   1457.5  1.0094
0   1460.0  1.0086
0   1462.5  1.0076
0   1465.0  1.0065
0   1467.5  1.0051
0   1470.0  1.0037
0   1472.5  1.0020
0   1475.0  1.0003
0   1477.5  0.9985
0   1480.0  0.9966
0   1482.5  0.9947
0   1485.0  0.9926
0   1487.5  0.9906
0   1490.0  0.9885
0   1492.5  0.9864
0   1495.0  0.9843
0   1497.5  0.9821
0   1500.0  0.9799
0   1502.5  0.9778
0   1505.0  0.9756
0   1507.5  0.9734
0   1510.0  0.9712
0   1512.5  0.9690
0   1515.0  0.9668
0   1517.5  0.9646
0   1520.0  0.9624
0   1522.5  0.9603
0   1525.0  0.9581
0   1527.5  0.9560
0   1530.0  0.9540
0   1532.5  0.9519
0   1535.0  0.9499
0   1537.5  0.9476
0   1540.0  0.9448
0   1542.5  0.9413
0   1545.0  0.9369
0   1547.5  0.9313
0   1550.0  0.9242
0   1552.5  0.9155
0   1555.0  0.9055
0   1557.5  0.8943
0   1560.0  0.8821
0   1562.5  0.8691
0   1565.0  0.8551
0   1567.5  0.8400
0   1570.0  0.8238
0   1572.5  0.8067
0   1575.0  0.7890
0   1577.5  0.7709
0   1580.0  0.7525
0   1582.5  0.7337
0   1585.0  0.7147
0   1587.5  0.6952
0   1590.0  0.6752
0   1592.5  0.6543
0   1595.0  0.6324
0   1597.5  0.6097
0   1600.0  0.5867
0   1602.5  0.5639
0   1605.0  0.5416
0   1607.5  0.5195
0   1610.0  0.4976
0   1612.5  0.4757
0   1615.0  0.4539
0   1617.5  0.4324
0   1620.0  0.4115
0   1622.5  0.3913
0   1625.0  0.3715
0   1627.5  0.3520
0   1630.0  0.3327
0   1632.5  0.3135
0   1635.0  0.2941
0   1637.5  0.2746
0   1640.0  0.2551
0   1642.5  0.2363
0   1645.0  0.2189
0   1647.5  0.2034
0   1650.0  0.1892
0   1652.5  0.1759
0   1655.0  0.1629
0   1657.5  0.1500
0   1660.0  0.1376
0   1662.5  0.1260
0   1665.0  0.1156
0   1667.5  0.1060
0   1670.0  0.0968
0   1672.5  0.0879
0   1675.0  0.0790
0   1677.5  0.0702
0   1680.0  0.0616
0   1682.5  0.0532
0   1685.0  0.0452
0   1687.5  0.0376
0   1690.0  0.0305
0   1692.5  0.0240
0   1695.0  0.0180
0   1697.5  0.0128
0   1700.0  0.0084
0   1702.5  0.0048
0   1705.0  0.0022
0   1707.5  0.0006
0   1710.0  0.0000
18  105  1450.0 1710.0 D2Up
0   1450.0  1.0105
0   1452.5  1.0105
0   1455.0  1.0104
0   1457.5  1.0103
0   1460.0  1.0101
0   1462.5  1.0099
0   1465.0  1.0095
0   1467.5  1.0091
0   1470.0  1.0086
0   1472.5  1.0080
0   1475.0  1.0072
0   1477.5  1.0063
0   1480.0  1.0053
0   1482.5  1.0041
0   1485.0  1.0028
0   1487.5  1.0013
0   1490.0  0.9997
0   1492.5  0.9979
0   1495.0  0.9960
0   1497.5  0.9940
0   1500.0  0.9918
0   1502.5  0.9896
0   1505.0  0.9873
0   1507.5  0.9850
0   1510.0  0.9826
0   1512.5  0.9801
0   1515.0  0.9777
0   1517.5  0.9752
0   1520.0  0.9727
0   1522.5  0.9702
0   1525.0  0.9677
0   1527.5  0.9653
0   1530.0  0.9629
0   1532.5  0.9606
0   1535.0  0.9583
0   1537.5  0.9558
0   1540.0  0.9529
0   1542.5  0.9494
0   1545.0  0.9449
0   1547.5  0.9394
0   1550.0  0.9325
0   1552.5  0.9241
0   1555.0  0.9144
0   1557.5  0.9034
0   1560.0  0.8915
0   1562.5  0.8785
0   1565.0  0.8645
0   1567.5  0.8494
0   1570.0  0.8332
0   1572.5  0.8163
0   1575.0  0.7986
0   1577.5  0.7806
0   1580.0  0.7619
0   1582.5  0.7426
0   1585.0  0.7222
0   1587.5  0.7008
0   1590.0  0.6789
0   1592.5  0.6567
0   1595.0  0.6348
0   1597.5  0.6131
0   1600.0  0.5916
0   1602.5  0.5701
0   1605.0  0.5487
0   1607.5  0.5273
0   1610.0  0.5060
0   1612.5  0.4848
0   1615.0  0.4637
0   1617.5  0.4429
0   1620.0  0.4224
0   1622.5  0.4021
0   1625.0  0.3818
0   1627.5  0.3615
0   1630.0  0.3409
0   1632.5  0.3203
0   1635.0  0.3000
0   1637.5  0.2803
0   1640.0  0.2615
0   1642.5  0.2436
0   1645.0  0.2266
0   1647.5  0.2108
0   1650.0  0.1959
0   1652.5  0.1819
0   1655.0  0.1685
0   1657.5  0.1556
0   1660.0  0.1433
0   1662.5  0.1313
0   1665.0  0.1197
0   1667.5  0.1084
0   1670.0  0.0974
0   1672.5  0.0869
0   1675.0  0.0768
0   1677.5  0.0672
0   1680.0  0.0581
0   1682.5  0.0495
0   1685.0  0.0415
0   1687.5  0.0340
0   1690.0  0.0273
0   1692.5  0.0211
0   1695.0  0.0157
0   1697.5  0.0111
0   1700.0  0.0072
0   1702.5  0.0041
0   1705.0  0.0018
0   1707.5  0.0005
0   1710.0  0.0000
19  89  1360.0 1580.0 D3pVp
0   1360.0  1.0000
0   1362.5  0.9999
0   1365.0  0.9995
0   1367.5  0.9989
0   1370.0  0.9979
0   1372.5  0.9968
0   1375.0  0.9953
0   1377.5  0.9936
0   1380.0  0.9915
0   1382.5  0.9892
0   1385.0  0.9866
0   1387.5  0.9836
0   1390.0  0.9804
0   1392.5  0.9768
0   1395.0  0.9729
0   1397.5  0.9686
0   1400.0  0.9640
0   1402.5  0.9591
0   1405.0  0.9538
0   1407.5  0.9480
0   1410.0  0.9411
0   1412.5  0.9327
0   1415.0  0.9223
0   1417.5  0.9097
0   1420.0  0.8952
0   1422.5  0.8793
0   1425.0  0.8627
0   1427.5  0.8458
0   1430.0  0.8289
0   1432.5  0.8122
0   1435.0  0.7957
0   1437.5  0.7791
0   1440.0  0.7620
0   1442.5  0.7440
0   1445.0  0.7247
0   1447.5  0.7039
0   1450.0  0.6822
0   1452.5  0.6605
0   1455.0  0.6390
0   1457.5  0.6176
0   1460.0  0.5961
0   1462.5  0.5744
0   1465.0  0.5529
0   1467.5  0.5318
0   1470.0  0.5111
0   1472.5  0.4903
0   1475.0  0.4689
0   1477.5  0.4472
0   1480.0  0.4260
0   1482.5  0.4062
0   1485.0  0.3876
0   1487.5  0.3695
0   1490.0  0.3510
0   1492.5  0.3323
0   1495.0  0.3141
0   1497.5  0.2971
0   1500.0  0.2810
0   1502.5  0.2652
0   1505.0  0.2492
0   1507.5  0.2333
0   1510.0  0.2183
0   1512.5  0.2047
0   1515.0  0.1924
0   1517.5  0.1808
0   1520.0  0.1697
0   1522.5  0.1587
0   1525.0  0.1481
0   1527.5  0.1377
0   1530.0  0.1278
0   1532.5  0.1188
0   1535.0  0.1107
0   1537.5  0.1033
0   1540.0  0.0963
0   1542.5  0.0893
0   1545.0  0.0820
0   1547.5  0.0743
0   1550.0  0.0664
0   1552.5  0.0584
0   1555.0  0.0504
0   1557.5  0.0425
0   1560.0  0.0350
0   1562.5  0.0278
0   1565.0  0.0212
0   1567.5  0.0153
0   1570.0  0.0101
0   1572.5  0.0059
0   1575.0  0.0027
0   1577.5  0.0007
0   1580.0  0.0000
20  89  1360.0 1580.0 D3pV
0   1360.0  1.0000
0   1362.5  0.9999
0   1365.0  0.9996
0   1367.5  0.9990
0   1370.0  0.9982
0   1372.5  0.9972
0   1375.0  0.9959
0   1377.5  0.9943
0   1380.0  0.9925
0   1382.5  0.9904
0   1385.0  0.9881
0   1387.5  0.9854
0   1390.0  0.9825
0   1392.5  0.9792
0   1395.0  0.9756
0   1397.5  0.9718
0   1400.0  0.9675
0   1402.5  0.9630
0   1405.0  0.9581
0   1407.5  0.9528
0   1410.0  0.9468
0   1412.5  0.9399
0   1415.0  0.9318
0   1417.5  0.9222
0   1420.0  0.9103
0   1422.5  0.8948
0   1425.0  0.8756
0   1427.5  0.8545
0   1430.0  0.8342
0   1432.5  0.8161
0   1435.0  0.7995
0   1437.5  0.7831
0   1440.0  0.7660
0   1442.5  0.7479
0   1445.0  0.7284
0   1447.5  0.7077
0   1450.0  0.6867
0   1452.5  0.6662
0   1455.0  0.6462
0   1457.5  0.6260
0   1460.0  0.6044
0   1462.5  0.5815
0   1465.0  0.5586
0   1467.5  0.5371
0   1470.0  0.5171
0   1472.5  0.4973
0   1475.0  0.4764
0   1477.5  0.4545
0   1480.0  0.4330
0   1482.5  0.4133
0   1485.0  0.3953
0   1487.5  0.3776
0   1490.0  0.3592
0   1492.5  0.3403
0   1495.0  0.3224
0   1497.5  0.3066
0   1500.0  0.2924
0   1502.5  0.2781
0   1505.0  0.2622
0   1507.5  0.2451
0   1510.0  0.2279
0   1512.5  0.2115
0   1515.0  0.1965
0   1517.5  0.1830
0   1520.0  0.1713
0   1522.5  0.1609
0   1525.0  0.1513
0   1527.5  0.1420
0   1530.0  0.1327
0   1532.5  0.1231
0   1535.0  0.1130
0   1537.5  0.1032
0   1540.0  0.0943
0   1542.5  0.0869
0   1545.0  0.0805
0   1547.5  0.0746
0   1550.0  0.0686
0   1552.5  0.0621
0   1555.0  0.0550
0   1557.5  0.0475
0   1560.0  0.0399
0   1562.5  0.0324
0   1565.0  0.0251
0   1567.5  0.0183
0   1570.0  0.0123
0   1572.5  0.0073
0   1575.0  0.0034
0   1577.5  0.0009
0   1580.0  0.0000
21  89  1360.0 1580.0 D3pXp
0   1360.0  1.0000
0   1362.5  0.9999
0   1365.0  0.9995
0   1367.5  0.9988
0   1370.0  0.9978
0   1372.5  0.9966
0   1375.0  0.9951
0   1377.5  0.9934
0   1380.0  0.9914
0   1382.5  0.9891
0   1385.0  0.9865
0   1387.5  0.9837
0   1390.0  0.9806
0   1392.5  0.9773
0   1395.0  0.9737
0   1397.5  0.9698
0   1400.0  0.9657
0   1402.5  0.9613
0   1405.0  0.9567
0   1407.5  0.9516
0   1410.0  0.9457
0   1412.5  0.9386
0   1415.0  0.9299
0   1417.5  0.9193
0   1420.0  0.9067
0   1422.5  0.8924
0   1425.0  0.8764
0   1427.5  0.8595
0   1430.0  0.8421
0   1432.5  0.8248
0   1435.0  0.8072
0   1437.5  0.7890
0   1440.0  0.7700
0   1442.5  0.7500
0   1445.0  0.7291
0   1447.5  0.7075
0   1450.0  0.6856
0   1452.5  0.6641
0   1455.0  0.6431
0   1457.5  0.6224
0   1460.0  0.6019
0   1462.5  0.5813
0   1465.0  0.5605
0   1467.5  0.5393
0   1470.0  0.5179
0   1472.5  0.4967
0   1475.0  0.4762
0   1477.5  0.4567
0   1480.0  0.4382
0   1482.5  0.4209
0   1485.0  0.4041
0   1487.5  0.3870
0   1490.0  0.3688
0   1492.5  0.3499
0   1495.0  0.3316
0   1497.5  0.3151
0   1500.0  0.2998
0   1502.5  0.2842
0   1505.0  0.2669
0   1507.5  0.2487
0   1510.0  0.2311
0   1512.5  0.2154
0   1515.0  0.2016
0   1517.5  0.1893
0   1520.0  0.1779
0   1522.5  0.1672
0   1525.0  0.1566
0   1527.5  0.1461
0   1530.0  0.1357
0   1532.5  0.1260
0   1535.0  0.1171
0   1537.5  0.1085
0   1540.0  0.0999
0   1542.5  0.0909
0   1545.0  0.0818
0   1547.5  0.0732
0   1550.0  0.0653
0   1552.5  0.0578
0   1555.0  0.0505
0   1557.5  0.0431
0   1560.0  0.0358
0   1562.5  0.0287
0   1565.0  0.0221
0   1567.5  0.0160
0   1570.0  0.0107
0   1572.5  0.0063
0   1575.0  0.0029
0   1577.5  0.0007
0   1580.0  0.0000
22  89  1360.0 1580.0 D3pX
0   1360.0  1.0000
0   1362.5  0.9999
0   1365.0  0.9995
0   1367.5  0.9990
0   1370.0  0.9981
0   1372.5  0.9970
0   1375.0  0.9956
0   1377.5  0.9940
0   1380.0  0.9920
0   1382.5  0.9898
0   1385.0  0.9872
0   1387.5  0.9843
0   1390.0  0.9811
0   1392.5  0.9776
0   1395.0  0.9736
0   1397.5  0.9694
0   1400.0  0.9647
0   1402.5  0.9596
0   1405.0  0.9542
0   1407.5  0.9482
0   1410.0  0.9415
0   1412.5  0.9336
0   1415.0  0.9244
0   1417.5  0.9135
0   1420.0  0.9010
0   1422.5  0.8866
0   1425.0  0.8706
0   1427.5  0.8534
0   1430.0  0.8355
0   1432.5  0.8174
0   1435.0  0.7991
0   1437.5  0.7805
0   1440.0  0.7616
0   1442.5  0.7424
0   1445.0  0.7232
0   1447.5  0.7037
0   1450.0  0.6836
0   1452.5  0.6626
0   1455.0  0.6406
0   1457.5  0.6184
0   1460.0  0.5966
0   1462.5  0.5756
0   1465.0  0.5551
0   1467.5  0.5350
0   1470.0  0.5149
0   1472.5  0.4947
0   1475.0  0.4741
0   1477.5  0.4534
0   1480.0  0.4333
0   1482.5  0.4146
0   1485.0  0.3971
0   1487.5  0.3798
0   1490.0  0.3619
0   1492.5  0.3434
0   1495.0  0.3252
0   1497.5  0.3078
0   1500.0  0.2914
0   1502.5  0.2763
0   1505.0  0.2623
0   1507.5  0.2488
0   1510.0  0.2344
0   1512.5  0.2185
0   1515.0  0.2020
0   1517.5  0.1864
0   1520.0  0.1732
0   1522.5  0.1620
0   1525.0  0.1518
0   1527.5  0.1419
0   1530.0  0.1322
0   1532.5  0.1227
0   1535.0  0.1133
0   1537.5  0.1043
0   1540.0  0.0958
0   1542.5  0.0878
0   1545.0  0.0803
0   1547.5  0.0729
0   1550.0  0.0656
0   1552.5  0.0581
0   1555.0  0.0505
0   1557.5  0.0429
0   1560.0  0.0355
0   1562.5  0.0284
0   1565.0  0.0217
0   1567.5  0.0157
0   1570.0  0.0104
0   1572.5  0.0061
0   1575.0  0.0028
0   1577.5  0.0007
0   1580.0  0.0000
23  89  1360.0 1580.0 D3pUp
0   1360.0  1.0000
0   1362.5  0.9998
0   1365.0  0.9990
0   1367.5  0.9979
0   1370.0  0.9963
0   1372.5  0.9944
0   1375.0  0.9921
0   1377.5  0.9895
0   1380.0  0.9867
0   1382.5  0.9835
0   1385.0  0.9802
0   1387.5  0.9767
0   1390.0  0.9730
0   1392.5  0.9692
0   1395.0  0.9652
0   1397.5  0.9613
0   1400.0  0.9573
0   1402.5  0.9532
0   1405.0  0.9493
0   1407.5  0.9449
0   1410.0  0.9394
0   1412.5  0.9319
0   1415.0  0.9215
0   1417.5  0.9077
0   1420.0  0.8913
0   1422.5  0.8737
0   1425.0  0.8559
0   1427.5  0.8387
0   1430.0  0.8224
0   1432.5  0.8072
0   1435.0  0.7920
0   1437.5  0.7754
0   1440.0  0.7567
0   1442.5  0.7366
0   1445.0  0.7159
0   1447.5  0.6953
0   1450.0  0.6747
0   1452.5  0.6541
0   1455.0  0.6334
0   1457.5  0.6126
0   1460.0  0.5915
0   1462.5  0.5703
0   1465.0  0.5494
0   1467.5  0.5291
0   1470.0  0.5094
0   1472.5  0.4899
0   1475.0  0.4704
0   1477.5  0.4508
0   1480.0  0.4313
0   1482.5  0.4121
0   1485.0  0.3934
0   1487.5  0.3749
0   1490.0  0.3567
0   1492.5  0.3389
0   1495.0  0.3217
0   1497.5  0.3052
0   1500.0  0.2892
0   1502.5  0.2735
0   1505.0  0.2579
0   1507.5  0.2422
0   1510.0  0.2267
0   1512.5  0.2114
0   1515.0  0.1965
0   1517.5  0.1823
0   1520.0  0.1689
0   1522.5  0.1568
0   1525.0  0.1464
0   1527.5  0.1379
0   1530.0  0.1305
0   1532.5  0.1231
0   1535.0  0.1149
0   1537.5  0.1062
0   1540.0  0.0975
0   1542.5  0.0891
0   1545.0  0.0811
0   1547.5  0.0733
0   1550.0  0.0655
0   1552.5  0.0576
0   1555.0  0.0498
0   1557.5  0.0421
0   1560.0  0.0346
0   1562.5  0.0276
0   1565.0  0.0210
0   1567.5  0.0152
0   1570.0  0.0100
0   1572.5  0.0058
0   1575.0  0.0027
0   1577.5  0.0007
0   1580.0  0.0000
24  89  1360.0 1580.0 D3pU
0   1360.0  1.0000
0   1362.5  0.9998
0   1365.0  0.9993
0   1367.5  0.9984
0   1370.0  0.9973
0   1372.5  0.9958
0   1375.0  0.9940
0   1377.5  0.9920
0   1380.0  0.9897
0   1382.5  0.9871
0   1385.0  0.9844
0   1387.5  0.9814
0   1390.0  0.9782
0   1392.5  0.9748
0   1395.0  0.9712
0   1397.5  0.9675
0   1400.0  0.9636
0   1402.5  0.9596
0   1405.0  0.9555
0   1407.5  0.9510
0   1410.0  0.9455
0   1412.5  0.9384
0   1415.0  0.9290
0   1417.5  0.9169
0   1420.0  0.9023
0   1422.5  0.8858
0   1425.0  0.8677
0   1427.5  0.8486
0   1430.0  0.8290
0   1432.5  0.8094
0   1435.0  0.7902
0   1437.5  0.7719
0   1440.0  0.7544
0   1442.5  0.7369
0   1445.0  0.7183
0   1447.5  0.6983
0   1450.0  0.6773
0   1452.5  0.6559
0   1455.0  0.6346
0   1457.5  0.6135
0   1460.0  0.5928
0   1462.5  0.5722
0   1465.0  0.5514
0   1467.5  0.5300
0   1470.0  0.5081
0   1472.5  0.4862
0   1475.0  0.4648
0   1477.5  0.4442
0   1480.0  0.4248
0   1482.5  0.4066
0   1485.0  0.3893
0   1487.5  0.3722
0   1490.0  0.3543
0   1492.5  0.3361
0   1495.0  0.3183
0   1497.5  0.3017
0   1500.0  0.2863
0   1502.5  0.2714
0   1505.0  0.2564
0   1507.5  0.2414
0   1510.0  0.2264
0   1512.5  0.2117
0   1515.0  0.1973
0   1517.5  0.1832
0   1520.0  0.1696
0   1522.5  0.1569
0   1525.0  0.1460
0   1527.5  0.1371
0   1530.0  0.1292
0   1532.5  0.1208
0   1535.0  0.1112
0   1537.5  0.1010
0   1540.0  0.0915
0   1542.5  0.0834
0   1545.0  0.0763
0   1547.5  0.0699
0   1550.0  0.0636
0   1552.5  0.0570
0   1555.0  0.0501
0   1557.5  0.0429
0   1560.0  0.0358
0   1562.5  0.0288
0   1565.0  0.0223
0   1567.5  0.0162
0   1570.0  0.0108
0   1572.5  0.0064
0   1575.0  0.0029
0   1577.5  0.0008
0   1580.0  0.0000
25  85  1490.0 1700.0 D3mVp
0   1490.0  1.0000
0   1492.5  0.9999
0   1495.0  0.9995
0   1497.5  0.9988
0   1500.0  0.9978
0   1502.5  0.9965
0   1505.0  0.9949
0   1507.5  0.9930
0   1510.0  0.9908
0   1512.5  0.9882
0   1515.0  0.9853
0   1517.5  0.9820
0   1520.0  0.9783
0   1522.5  0.9743
0   1525.0  0.9698
0   1527.5  0.9650
0   1530.0  0.9598
0   1532.5  0.9541
0   1535.0  0.9479
0   1537.5  0.9406
0   1540.0  0.9319
0   1542.5  0.9213
0   1545.0  0.9085
0   1547.5  0.8938
0   1550.0  0.8781
0   1552.5  0.8618
0   1555.0  0.8452
0   1557.5  0.8287
0   1560.0  0.8121
0   1562.5  0.7945
0   1565.0  0.7751
0   1567.5  0.7540
0   1570.0  0.7322
0   1572.5  0.7107
0   1575.0  0.6897
0   1577.5  0.6688
0   1580.0  0.6481
0   1582.5  0.6273
0   1585.0  0.6065
0   1587.5  0.5854
0   1590.0  0.5640
0   1592.5  0.5419
0   1595.0  0.5193
0   1597.5  0.4965
0   1600.0  0.4741
0   1602.5  0.4521
0   1605.0  0.4304
0   1607.5  0.4089
0   1610.0  0.3879
0   1612.5  0.3682
0   1615.0  0.3501
0   1617.5  0.3328
0   1620.0  0.3148
0   1622.5  0.2959
0   1625.0  0.2774
0   1627.5  0.2606
0   1630.0  0.2460
0   1632.5  0.2320
0   1635.0  0.2173
0   1637.5  0.2020
0   1640.0  0.1875
0   1642.5  0.1749
0   1645.0  0.1639
0   1647.5  0.1536
0   1650.0  0.1433
0   1652.5  0.1331
0   1655.0  0.1233
0   1657.5  0.1140
0   1660.0  0.1055
0   1662.5  0.0979
0   1665.0  0.0910
0   1667.5  0.0846
0   1670.0  0.0780
0   1672.5  0.0710
0   1675.0  0.0632
0   1677.5  0.0549
0   1680.0  0.0462
0   1682.5  0.0376
0   1685.0  0.0293
0   1687.5  0.0215
0   1690.0  0.0145
0   1692.5  0.0085
0   1695.0  0.0040
0   1697.5  0.0010
0   1700.0  0.0000
26  85  1490.0 1700.0 D3mV
0   1490.0  1.0000
0   1492.5  0.9999
0   1495.0  0.9997
0   1497.5  0.9992
0   1500.0  0.9985
0   1502.5  0.9976
0   1505.0  0.9964
0   1507.5  0.9950
0   1510.0  0.9932
0   1512.5  0.9911
0   1515.0  0.9887
0   1517.5  0.9859
0   1520.0  0.9828
0   1522.5  0.9792
0   1525.0  0.9753
0   1527.5  0.9709
0   1530.0  0.9660
0   1532.5  0.9606
0   1535.0  0.9547
0   1537.5  0.9476
0   1540.0  0.9390
0   1542.5  0.9283
0   1545.0  0.9152
0   1547.5  0.9001
0   1550.0  0.8833
0   1552.5  0.8655
0   1555.0  0.8476
0   1557.5  0.8304
0   1560.0  0.8140
0   1562.5  0.7970
0   1565.0  0.7783
0   1567.5  0.7577
0   1570.0  0.7364
0   1572.5  0.7152
0   1575.0  0.6941
0   1577.5  0.6731
0   1580.0  0.6519
0   1582.5  0.6305
0   1585.0  0.6092
0   1587.5  0.5880
0   1590.0  0.5669
0   1592.5  0.5459
0   1595.0  0.5248
0   1597.5  0.5033
0   1600.0  0.4809
0   1602.5  0.4582
0   1605.0  0.4363
0   1607.5  0.4163
0   1610.0  0.3976
0   1612.5  0.3794
0   1615.0  0.3608
0   1617.5  0.3420
0   1620.0  0.3237
0   1622.5  0.3060
0   1625.0  0.2885
0   1627.5  0.2707
0   1630.0  0.2530
0   1632.5  0.2368
0   1635.0  0.2232
0   1637.5  0.2118
0   1640.0  0.2005
0   1642.5  0.1876
0   1645.0  0.1737
0   1647.5  0.1604
0   1650.0  0.1487
0   1652.5  0.1382
0   1655.0  0.1279
0   1657.5  0.1174
0   1660.0  0.1074
0   1662.5  0.0985
0   1665.0  0.0911
0   1667.5  0.0846
0   1670.0  0.0782
0   1672.5  0.0713
0   1675.0  0.0637
0   1677.5  0.0554
0   1680.0  0.0468
0   1682.5  0.0381
0   1685.0  0.0297
0   1687.5  0.0218
0   1690.0  0.0147
0   1692.5  0.0087
0   1695.0  0.0041
0   1697.5  0.0011
0   1700.0  0.0000
27  85  1490.0 1700.0 D3mXp
0   1490.0  1.0000
0   1492.5  0.9999
0   1495.0  0.9997
0   1497.5  0.9994
0   1500.0  0.9988
0   1502.5  0.9980
0   1505.0  0.9970
0   1507.5  0.9957
0   1510.0  0.9941
0   1512.5  0.9922
0   1515.0  0.9899
0   1517.5  0.9872
0   1520.0  0.9842
0   1522.5  0.9807
0   1525.0  0.9767
0   1527.5  0.9723
0   1530.0  0.9673
0   1532.5  0.9618
0   1535.0  0.9557
0   1537.5  0.9488
0   1540.0  0.9407
0   1542.5  0.9314
0   1545.0  0.9205
0   1547.5  0.9083
0   1550.0  0.8949
0   1552.5  0.8802
0   1555.0  0.8642
0   1557.5  0.8464
0   1560.0  0.8272
0   1562.5  0.8074
0   1565.0  0.7881
0   1567.5  0.7689
0   1570.0  0.7488
0   1572.5  0.7268
0   1575.0  0.7039
0   1577.5  0.6817
0   1580.0  0.6615
0   1582.5  0.6418
0   1585.0  0.6207
0   1587.5  0.5974
0   1590.0  0.5737
0   1592.5  0.5514
0   1595.0  0.5309
0   1597.5  0.5109
0   1600.0  0.4895
0   1602.5  0.4670
0   1605.0  0.4449
0   1607.5  0.4242
0   1610.0  0.4049
0   1612.5  0.3861
0   1615.0  0.3671
0   1617.5  0.3481
0   1620.0  0.3293
0   1622.5  0.3109
0   1625.0  0.2929
0   1627.5  0.2751
0   1630.0  0.2575
0   1632.5  0.2409
0   1635.0  0.2257
0   1637.5  0.2117
0   1640.0  0.1983
0   1642.5  0.1847
0   1645.0  0.1714
0   1647.5  0.1593
0   1650.0  0.1490
0   1652.5  0.1399
0   1655.0  0.1310
0   1657.5  0.1220
0   1660.0  0.1132
0   1662.5  0.1051
0   1665.0  0.0978
0   1667.5  0.0908
0   1670.0  0.0837
0   1672.5  0.0761
0   1675.0  0.0677
0   1677.5  0.0587
0   1680.0  0.0494
0   1682.5  0.0402
0   1685.0  0.0313
0   1687.5  0.0229
0   1690.0  0.0154
0   1692.5  0.0091
0   1695.0  0.0042
0   1697.5  0.0011
0   1700.0  -0.0000
28  85  1490.0 1700.0 D3mX
0   1490.0  1.0000
0   1492.5  1.0000
0   1495.0  0.9999
0   1497.5  0.9996
0   1500.0  0.9993
0   1502.5  0.9987
0   1505.0  0.9978
0   1507.5  0.9967
0   1510.0  0.9952
0   1512.5  0.9933
0   1515.0  0.9911
0   1517.5  0.9883
0   1520.0  0.9850
0   1522.5  0.9812
0   1525.0  0.9768
0   1527.5  0.9718
0   1530.0  0.9660
0   1532.5  0.9596
0   1535.0  0.9524
0   1537.5  0.9444
0   1540.0  0.9357
0   1542.5  0.9262
0   1545.0  0.9158
0   1547.5  0.9038
0   1550.0  0.8896
0   1552.5  0.8729
0   1555.0  0.8552
0   1557.5  0.8377
0   1560.0  0.8209
0   1562.5  0.8038
0   1565.0  0.7852
0   1567.5  0.7651
0   1570.0  0.7441
0   1572.5  0.7229
0   1575.0  0.7014
0   1577.5  0.6794
0   1580.0  0.6567
0   1582.5  0.6341
0   1585.0  0.6122
0   1587.5  0.5913
0   1590.0  0.5705
0   1592.5  0.5490
0   1595.0  0.5264
0   1597.5  0.5041
0   1600.0  0.4828
0   1602.5  0.4626
0   1605.0  0.4425
0   1607.5  0.4216
0   1610.0  0.4003
0   1612.5  0.3795
0   1615.0  0.3600
0   1617.5  0.3416
0   1620.0  0.3241
0   1622.5  0.3070
0   1625.0  0.2900
0   1627.5  0.2729
0   1630.0  0.2556
0   1632.5  0.2390
0   1635.0  0.2239
0   1637.5  0.2100
0   1640.0  0.1966
0   1642.5  0.1831
0   1645.0  0.1698
0   1647.5  0.1574
0   1650.0  0.1464
0   1652.5  0.1368
0   1655.0  0.1281
0   1657.5  0.1203
0   1660.0  0.1128
0   1662.5  0.1055
0   1665.0  0.0982
0   1667.5  0.0906
0   1670.0  0.0826
0   1672.5  0.0742
0   1675.0  0.0653
0   1677.5  0.0561
0   1680.0  0.0469
0   1682.5  0.0378
0   1685.0  0.0292
0   1687.5  0.0213
0   1690.0  0.0143
0   1692.5  0.0084
0   1695.0  0.0039
0   1697.5  0.0010
0   1700.0  0.0000
29  85  1490.0 1700.0 D3mUp
0   1490.0  1.0000
0   1492.5  0.9998
0   1495.0  0.9994
0   1497.5  0.9986
0   1500.0  0.9976
0   1502.5  0.9962
0   1505.0  0.9945
0   1507.5  0.9925
0   1510.0  0.9901
0   1512.5  0.9875
0   1515.0  0.9845
0   1517.5  0.9812
0   1520.0  0.9776
0   1522.5  0.9736
0   1525.0  0.9693
0   1527.5  0.9647
0   1530.0  0.9597
0   1532.5  0.9544
0   1535.0  0.9486
0   1537.5  0.9416
0   1540.0  0.9329
0   1542.5  0.9218
0   1545.0  0.9079
0   1547.5  0.8922
0   1550.0  0.8758
0   1552.5  0.8596
0   1555.0  0.8436
0   1557.5  0.8277
0   1560.0  0.8118
0   1562.5  0.7955
0   1565.0  0.7786
0   1567.5  0.7607
0   1570.0  0.7414
0   1572.5  0.7203
0   1575.0  0.6981
0   1577.5  0.6761
0   1580.0  0.6551
0   1582.5  0.6348
0   1585.0  0.6142
0   1587.5  0.5930
0   1590.0  0.5710
0   1592.5  0.5485
0   1595.0  0.5256
0   1597.5  0.5029
0   1600.0  0.4807
0   1602.5  0.4590
0   1605.0  0.4372
0   1607.5  0.4149
0   1610.0  0.3929
0   1612.5  0.3725
0   1615.0  0.3545
0   1617.5  0.3376
0   1620.0  0.3199
0   1622.5  0.3005
0   1625.0  0.2807
0   1627.5  0.2621
0   1630.0  0.2456
0   1632.5  0.2314
0   1635.0  0.2194
0   1637.5  0.2087
0   1640.0  0.1977
0   1642.5  0.1851
0   1645.0  0.1715
0   1647.5  0.1582
0   1650.0  0.1466
0   1652.5  0.1362
0   1655.0  0.1265
0   1657.5  0.1171
0   1660.0  0.1083
0   1662.5  0.1004
0   1665.0  0.0934
0   1667.5  0.0868
0   1670.0  0.0801
0   1672.5  0.0729
0   1675.0  0.0649
0   1677.5  0.0563
0   1680.0  0.0475
0   1682.5  0.0387
0   1685.0  0.0301
0   1687.5  0.0221
0   1690.0  0.0149
0   1692.5  0.0088
0   1695.0  0.0041
0   1697.5  0.0011
0   1700.0  0.0000
30  85  1490.0 1700.0 D3mU
0   1490.0  1.0000
0   1492.5  0.9999
0   1495.0  0.9994
0   1497.5  0.9987
0   1500.0  0.9977
0   1502.5  0.9963
0   1505.0  0.9947
0   1507.5  0.9928
0   1510.0  0.9906
0   1512.5  0.9881
0   1515.0  0.9853
0   1517.5  0.9823
0   1520.0  0.9789
0   1522.5  0.9752
0   1525.0  0.9713
0   1527.5  0.9670
0   1530.0  0.9622
0   1532.5  0.9566
0   1535.0  0.9500
0   1537.5  0.9422
0   1540.0  0.9329
0   1542.5  0.9221
0   1545.0  0.9098
0   1547.5  0.8964
0   1550.0  0.8819
0   1552.5  0.8665
0   1555.0  0.8498
0   1557.5  0.8316
0   1560.0  0.8122
0   1562.5  0.7925
0   1565.0  0.7736
0   1567.5  0.7549
0   1570.0  0.7353
0   1572.5  0.7137
0   1575.0  0.6908
0   1577.5  0.6683
0   1580.0  0.6475
0   1582.5  0.6275
0   1585.0  0.6072
0   1587.5  0.5857
0   1590.0  0.5632
0   1592.5  0.5400
0   1595.0  0.5165
0   1597.5  0.4933
0   1600.0  0.4711
0   1602.5  0.4497
0   1605.0  0.4284
0   1607.5  0.4066
0   1610.0  0.3845
0   1612.5  0.3626
0   1615.0  0.3413
0   1617.5  0.3212
0   1620.0  0.3027
0   1622.5  0.2858
0   1625.0  0.2696
0   1627.5  0.2532
0   1630.0  0.2366
0   1632.5  0.2209
0   1635.0  0.2072
0   1637.5  0.1956
0   1640.0  0.1849
0   1642.5  0.1742
0   1645.0  0.1633
0   1647.5  0.1524
0   1650.0  0.1417
0   1652.5  0.1315
0   1655.0  0.1221
0   1657.5  0.1135
0   1660.0  0.1055
0   1662.5  0.0981
0   1665.0  0.0909
0   1667.5  0.0838
0   1670.0  0.0764
0   1672.5  0.0688
0   1675.0  0.0606
0   1677.5  0.0521
0   1680.0  0.0436
0   1682.5  0.0352
0   1685.0  0.0272
0   1687.5  0.0198
0   1690.0  0.0133
0   1692.5  0.0078
0   1695.0  0.0036
0   1697.5  0.0009
0   1700.0  0.0000
47  128  560  1200  P1Y1
0  562.5  2.38125
0  567.5  2.3769
0  572.5  2.37284
0  577.5  2.36921
0  582.5  2.36616
0  587.5  2.36311
0  592.5  2.35963
0  597.5  2.35702
0  602.5  2.35339
0  607.5  2.35136
0  612.5  2.34933
0  617.5  2.34774
0  622.5  2.34411
0  627.5  2.34121
0  632.5  2.33802
0  637.5  2.33482
0  642.5  2.33207
0  647.5  2.32858
0  652.5  2.32409
0  657.5  2.32046
0  662.5  2.3177
0  667.5  2.31422
0  672.5  2.31016
0  677.5  2.30769
0  682.5  2.30232
0  687.5  2.29855
0  692.5  2.29478
0  697.5  2.29159
0  702.5  2.28622
0  707.5  2.28158
0  712.5  2.27752
0  717.5  2.27258
0  722.5  2.26649
0  727.5  2.26199
0  732.5  2.25459
0  737.5  2.24748
0  742.5  2.23762
0  747.5  2.23051
0  752.5  2.22195
0  757.5  2.21179
0  762.5  2.20135
0  767.5  2.19018
0  772.5  2.18045
0  777.5  2.16827
0  782.5  2.15434
0  787.5  2.13882
0  792.5  2.12445
0  797.5  2.10965
0  802.5  2.08978
0  807.5  2.07425
0  812.5  2.05902
0  817.5  2.03943
0  822.5  2.01869
0  827.5  1.99736
0  832.5  1.9769
0  837.5  1.95645
0  842.5  1.93555
0  847.5  1.91205
0  852.5  1.89174
0  857.5  1.86708
0  862.5  1.84183
0  867.5  1.81963
0  872.5  1.79555
0  877.5  1.77176
0  882.5  1.74666
0  887.5  1.72257
0  892.5  1.69733
0  897.5  1.66991
0  902.5  1.64553
0  907.5  1.61594
0  912.5  1.58271
0  917.5  1.54963
0  922.5  1.51728
0  927.5  1.48826
0  932.5  1.45156
0  937.5  1.41717
0  942.5  1.38134
0  947.5  1.34695
0  952.5  1.30763
0  957.5  1.26658
0  962.5  1.22291
0  967.5  1.18402
0  972.5  1.14064
0  977.5  1.09407
0  982.5  1.05011
0  987.5  1.00456
0  992.5  0.958129
0  997.5  0.9162
0  1002.5  0.859037
0  1007.5  0.808839
0  1012.5  0.759946
0  1017.5  0.707861
0  1022.5  0.6536
0  1027.5  0.603546
0  1032.5  0.561907
0  1037.5  0.524476
0  1042.5  0.473842
0  1047.5  0.431187
0  1052.5  0.390999
0  1057.5  0.350231
0  1062.5  0.305255
0  1067.5  0.27058
0  1072.5  0.244175
0  1077.5  0.221977
0  1082.5  0.193686
0  1087.5  0.1741
0  1092.5  0.158866
0  1097.5  0.143632
0  1102.5  0.128544
0  1107.5  0.119549
0  1112.5  0.109828
0  1117.5  0.101268
0  1122.5  0.0902417
0  1127.5  0.0838581
0  1132.5  0.07849
0  1137.5  0.0713809
0  1142.5  0.064562
0  1147.5  0.0589038
0  1152.5  0.0538259
0  1157.5  0.0459914
0  1162.5  0.0390274
0  1167.5  0.0339495
0  1172.5  0.0301773
0  1177.5  0.0235035
0  1182.5  0.0194411
0  1187.5  0.0140731
0  1192.5  0.00899516
0  1197.5  0.00304675
48  128  560  1200  P1Y2
0  562.5  2.38125
0  567.5  2.3769
0  572.5  2.37284
0  577.5  2.36921
0  582.5  2.36616
0  587.5  2.36311
0  592.5  2.35963
0  597.5  2.35702
0  602.5  2.35339
0  607.5  2.35136
0  612.5  2.34933
0  617.5  2.34774
0  622.5  2.34411
0  627.5  2.34121
0  632.5  2.33802
0  637.5  2.33482
0  642.5  2.33207
0  647.5  2.32858
0  652.5  2.32409
0  657.5  2.32046
0  662.5  2.3177
0  667.5  2.31422
0  672.5  2.31016
0  677.5  2.30769
0  682.5  2.30232
0  687.5  2.29855
0  692.5  2.29478
0  697.5  2.29159
0  702.5  2.28622
0  707.5  2.28158
0  712.5  2.27752
0  717.5  2.27258
0  722.5  2.26649
0  727.5  2.26199
0  732.5  2.25459
0  737.5  2.24748
0  742.5  2.23762
0  747.5  2.23051
0  752.5  2.22195
0  757.5  2.21179
0  762.5  2.20135
0  767.5  2.19018
0  772.5  2.18045
0  777.5  2.16827
0  782.5  2.15434
0  787.5  2.13882
0  792.5  2.12445
0  797.5  2.10965
0  802.5  2.08978
0  807.5  2.07425
0  812.5  2.05902
0  817.5  2.03943
0  822.5  2.01869
0  827.5  1.99736
0  832.5  1.9769
0  837.5  1.95645
0  842.5  1.93555
0  847.5  1.91205
0  852.5  1.89174
0  857.5  1.86708
0  862.5  1.84183
0  867.5  1.81963
0  872.5  1.79555
0  877.5  1.77176
0  882.5  1.74666
0  887.5  1.72257
0  892.5  1.69733
0  897.5  1.66991
0  902.5  1.64553
0  907.5  1.61594
0  912.5  1.58271
0  917.5  1.54963
0  922.5  1.51728
0  927.5  1.48826
0  932.5  1.45156
0  937.5  1.41717
0  942.5  1.38134
0  947.5  1.34695
0  952.5  1.30763
0  957.5  1.26658
0  962.5  1.22291
0  967.5  1.18402
0  972.5  1.14064
0  977.5  1.09407
0  982.5  1.05011
0  987.5  1.00456
0  992.5  0.958129
0  997.5  0.9162
0  1002.5  0.859037
0  1007.5  0.808839
0  1012.5  0.759946
0  1017.5  0.707861
0  1022.5  0.6536
0  1027.5  0.603546
0  1032.5  0.561907
0  1037.5  0.524476
0  1042.5  0.473842
0  1047.5  0.431187
0  1052.5  0.390999
0  1057.5  0.350231
0  1062.5  0.305255
0  1067.5  0.27058
0  1072.5  0.244175
0  1077.5  0.221977
0  1082.5  0.193686
0  1087.5  0.1741
0  1092.5  0.158866
0  1097.5  0.143632
0  1102.5  0.128544
0  1107.5  0.119549
0  1112.5  0.109828
0  1117.5  0.101268
0  1122.5  0.0902417
0  1127.5  0.0838581
0  1132.5  0.07849
0  1137.5  0.0713809
0  1142.5  0.064562
0  1147.5  0.0589038
0  1152.5  0.0538259
0  1157.5  0.0459914
0  1162.5  0.0390274
0  1167.5  0.0339495
0  1172.5  0.0301773
0  1177.5  0.0235035
0  1182.5  0.0194411
0  1187.5  0.0140731
0  1192.5  0.00899516
0  1197.5  0.00304675
49  128  560  1200  P1X1
0  562.5  2.38125
0  567.5  2.38096
0  572.5  2.38096
0  577.5  2.38081
0  582.5  2.38081
0  587.5  2.38023
0  592.5  2.38009
0  597.5  2.37965
0  602.5  2.37936
0  607.5  2.37893
0  612.5  2.37878
0  617.5  2.37864
0  622.5  2.3782
0  627.5  2.37806
0  632.5  2.37791
0  637.5  2.37748
0  642.5  2.37719
0  647.5  2.37661
0  652.5  2.37617
0  657.5  2.37559
0  662.5  2.37516
0  667.5  2.37472
0  672.5  2.374
0  677.5  2.37356
0  682.5  2.37255
0  687.5  2.37124
0  692.5  2.37037
0  697.5  2.36906
0  702.5  2.36747
0  707.5  2.36703
0  712.5  2.36602
0  717.5  2.36486
0  722.5  2.3634
0  727.5  2.36137
0  732.5  2.35891
0  737.5  2.3576
0  742.5  2.35528
0  747.5  2.3518
0  752.5  2.34658
0  757.5  2.34135
0  762.5  2.33453
0  767.5  2.32438
0  772.5  2.31553
0  777.5  2.3016
0  782.5  2.28825
0  787.5  2.27389
0  792.5  2.25793
0  797.5  2.24226
0  802.5  2.2218
0  807.5  2.20135
0  812.5  2.18263
0  817.5  2.16319
0  822.5  2.14143
0  827.5  2.11691
0  832.5  2.09616
0  837.5  2.07164
0  842.5  2.0477
0  847.5  2.02347
0  852.5  2.00171
0  857.5  1.97748
0  862.5  1.95137
0  867.5  1.92119
0  872.5  1.89363
0  877.5  1.86504
0  882.5  1.8369
0  887.5  1.80977
0  892.5  1.78249
0  897.5  1.75318
0  902.5  1.71924
0  907.5  1.69109
0  912.5  1.66149
0  917.5  1.63204
0  922.5  1.60288
0  927.5  1.57343
0  932.5  1.54122
0  937.5  1.51235
0  942.5  1.48028
0  947.5  1.44648
0  952.5  1.41413
0  957.5  1.38148
0  962.5  1.34594
0  967.5  1.30763
0  972.5  1.2731
0  977.5  1.23887
0  982.5  1.19636
0  987.5  1.15588
0  992.5  1.11424
0  997.5  1.07187
0  1002.5  1.02878
0  1007.5  0.985115
0  1012.5  0.944201
0  1017.5  0.897194
0  1022.5  0.850913
0  1027.5  0.806227
0  1032.5  0.756464
0  1037.5  0.704524
0  1042.5  0.651568
0  1047.5  0.599339
0  1052.5  0.551461
0  1057.5  0.496765
0  1062.5  0.438006
0  1067.5  0.387082
0  1072.5  0.334707
0  1077.5  0.281316
0  1082.5  0.228071
0  1087.5  0.187157
0  1092.5  0.153208
0  1097.5  0.122595
0  1102.5  0.0972057
0  1107.5  0.0761687
0  1112.5  0.0599193
0  1117.5  0.0486029
0  1122.5  0.0381569
0  1127.5  0.0294519
0  1132.5  0.0245191
0  1137.5  0.0211821
0  1142.5  0.0162493
0  1147.5  0.0127673
0  1152.5  0.0105911
0  1157.5  0.00943041
0  1162.5  0.00870499
0  1167.5  0.00783449
0  1172.5  0.00725416
0  1177.5  0.00580333
0  1182.5  0.00435249
0  1187.5  0.00304675
0  1192.5  0.00217625
0  1197.5  0.00116067
50  128  560  1200  P1X2
0  562.5  2.38125
0  567.5  2.38096
0  572.5  2.38096
0  577.5  2.38081
0  582.5  2.38081
0  587.5  2.38023
0  592.5  2.38009
0  597.5  2.37965
0  602.5  2.37936
0  607.5  2.37893
0  612.5  2.37878
0  617.5  2.37864
0  622.5  2.3782
0  627.5  2.37806
0  632.5  2.37791
0  637.5  2.37748
0  642.5  2.37719
0  647.5  2.37661
0  652.5  2.37617
0  657.5  2.37559
0  662.5  2.37516
0  667.5  2.37472
0  672.5  2.374
0  677.5  2.37356
0  682.5  2.37255
0  687.5  2.37124
0  692.5  2.37037
0  697.5  2.36906
0  702.5  2.36747
0  707.5  2.36703
0  712.5  2.36602
0  717.5  2.36486
0  722.5  2.3634
0  727.5  2.36137
0  732.5  2.35891
0  737.5  2.3576
0  742.5  2.35528
0  747.5  2.3518
0  752.5  2.34658
0  757.5  2.34135
0  762.5  2.33453
0  767.5  2.32438
0  772.5  2.31553
0  777.5  2.3016
0  782.5  2.28825
0  787.5  2.27389
0  792.5  2.25793
0  797.5  2.24226
0  802.5  2.2218
0  807.5  2.20135
0  812.5  2.18263
0  817.5  2.16319
0  822.5  2.14143
0  827.5  2.11691
0  832.5  2.09616
0  837.5  2.07164
0  842.5  2.0477
0  847.5  2.02347
0  852.5  2.00171
0  857.5  1.97748
0  862.5  1.95137
0  867.5  1.92119
0  872.5  1.89363
0  877.5  1.86504
0  882.5  1.8369
0  887.5  1.80977
0  892.5  1.78249
0  897.5  1.75318
0  902.5  1.71924
0  907.5  1.69109
0  912.5  1.66149
0  917.5  1.63204
0  922.5  1.60288
0  927.5  1.57343
0  932.5  1.54122
0  937.5  1.51235
0  942.5  1.48028
0  947.5  1.44648
0  952.5  1.41413
0  957.5  1.38148
0  962.5  1.34594
0  967.5  1.30763
0  972.5  1.2731
0  977.5  1.23887
0  982.5  1.19636
0  987.5  1.15588
0  992.5  1.11424
0  997.5  1.07187
0  1002.5  1.02878
0  1007.5  0.985115
0  1012.5  0.944201
0  1017.5  0.897194
0  1022.5  0.850913
0  1027.5  0.806227
0  1032.5  0.756464
0  1037.5  0.704524
0  1042.5  0.651568
0  1047.5  0.599339
0  1052.5  0.551461
0  1057.5  0.496765
0  1062.5  0.438006
0  1067.5  0.387082
0  1072.5  0.334707
0  1077.5  0.281316
0  1082.5  0.228071
0  1087.5  0.187157
0  1092.5  0.153208
0  1097.5  0.122595
0  1102.5  0.0972057
0  1107.5  0.0761687
0  1112.5  0.0599193
0  1117.5  0.0486029
0  1122.5  0.0381569
0  1127.5  0.0294519
0  1132.5  0.0245191
0  1137.5  0.0211821
0  1142.5  0.0162493
0  1147.5  0.0127673
0  1152.5  0.0105911
0  1157.5  0.00943041
0  1162.5  0.00870499
0  1167.5  0.00783449
0  1172.5  0.00725416
0  1177.5  0.00580333
0  1182.5  0.00435249
0  1187.5  0.00304675
0  1192.5  0.00217625
0  1197.5  0.00116067
51  128  560  1200  P2X1
0  562.5  2.38125
0  567.5  2.38081
0  572.5  2.38038
0  577.5  2.38038
0  582.5  2.38038
0  587.5  2.38009
0  592.5  2.37936
0  597.5  2.37922
0  602.5  2.37893
0  607.5  2.3782
0  612.5  2.37777
0  617.5  2.37733
0  622.5  2.3769
0  627.5  2.37617
0  632.5  2.37617
0  637.5  2.3753
0  642.5  2.37501
0  647.5  2.37429
0  652.5  2.37385
0  657.5  2.37371
0  662.5  2.37342
0  667.5  2.37313
0  672.5  2.37269
0  677.5  2.37255
0  682.5  2.37211
0  687.5  2.37153
0  692.5  2.37051
0  697.5  2.36993
0  702.5  2.36906
0  707.5  2.36834
0  712.5  2.36631
0  717.5  2.3634
0  722.5  2.36065
0  727.5  2.35746
0  732.5  2.3518
0  737.5  2.34832
0  742.5  2.3399
0  747.5  2.33265
0  752.5  2.32525
0  757.5  2.31422
0  762.5  2.30174
0  767.5  2.29057
0  772.5  2.27635
0  777.5  2.26127
0  782.5  2.24139
0  787.5  2.22398
0  792.5  2.2041
0  797.5  2.18539
0  802.5  2.16464
0  807.5  2.1436
0  812.5  2.12097
0  817.5  2.09776
0  822.5  2.07338
0  827.5  2.05148
0  832.5  2.02681
0  837.5  2.00694
0  842.5  1.9798
0  847.5  1.9563
0  852.5  1.93425
0  857.5  1.91133
0  862.5  1.88332
0  867.5  1.85634
0  872.5  1.83197
0  877.5  1.81035
0  882.5  1.78061
0  887.5  1.75362
0  892.5  1.72794
0  897.5  1.69921
0  902.5  1.67049
0  907.5  1.64423
0  912.5  1.61245
0  917.5  1.58112
0  922.5  1.54688
0  927.5  1.51641
0  932.5  1.48435
0  937.5  1.4533
0  942.5  1.42022
0  947.5  1.38627
0  952.5  1.35334
0  957.5  1.32098
0  962.5  1.2837
0  967.5  1.2451
0  972.5  1.2097
0  977.5  1.17546
0  982.5  1.13353
0  987.5  1.09117
0  992.5  1.04852
0  997.5  1.0076
0  1002.5  0.956533
0  1007.5  0.913589
0  1012.5  0.869774
0  1017.5  0.820735
0  1022.5  0.768651
0  1027.5  0.71439
0  1032.5  0.657227
0  1037.5  0.604126
0  1042.5  0.543772
0  1047.5  0.484143
0  1052.5  0.431768
0  1057.5  0.373154
0  1062.5  0.313815
0  1067.5  0.26231
0  1072.5  0.217189
0  1077.5  0.174825
0  1082.5  0.137829
0  1087.5  0.108812
0  1092.5  0.0863245
0  1097.5  0.0702203
0  1102.5  0.0570177
0  1107.5  0.0462815
0  1112.5  0.0374315
0  1117.5  0.0309027
0  1122.5  0.0250994
0  1127.5  0.020892
0  1132.5  0.0168296
0  1137.5  0.0142182
0  1142.5  0.0113165
0  1147.5  0.00943041
0  1152.5  0.00899516
0  1157.5  0.00812466
0  1162.5  0.00710908
0  1167.5  0.00623858
0  1172.5  0.00507791
0  1177.5  0.00478774
0  1182.5  0.00319183
0  1187.5  0.00217625
0  1192.5  0.00159591
0  1197.5  0.00145083
52  128  560  1200  P2X2
0  562.5  2.38125
0  567.5  2.38081
0  572.5  2.38038
0  577.5  2.38038
0  582.5  2.38038
0  587.5  2.38009
0  592.5  2.37936
0  597.5  2.37922
0  602.5  2.37893
0  607.5  2.3782
0  612.5  2.37777
0  617.5  2.37733
0  622.5  2.3769
0  627.5  2.37617
0  632.5  2.37617
0  637.5  2.3753
0  642.5  2.37501
0  647.5  2.37429
0  652.5  2.37385
0  657.5  2.37371
0  662.5  2.37342
0  667.5  2.37313
0  672.5  2.37269
0  677.5  2.37255
0  682.5  2.37211
0  687.5  2.37153
0  692.5  2.37051
0  697.5  2.36993
0  702.5  2.36906
0  707.5  2.36834
0  712.5  2.36631
0  717.5  2.3634
0  722.5  2.36065
0  727.5  2.35746
0  732.5  2.3518
0  737.5  2.34832
0  742.5  2.3399
0  747.5  2.33265
0  752.5  2.32525
0  757.5  2.31422
0  762.5  2.30174
0  767.5  2.29057
0  772.5  2.27635
0  777.5  2.26127
0  782.5  2.24139
0  787.5  2.22398
0  792.5  2.2041
0  797.5  2.18539
0  802.5  2.16464
0  807.5  2.1436
0  812.5  2.12097
0  817.5  2.09776
0  822.5  2.07338
0  827.5  2.05148
0  832.5  2.02681
0  837.5  2.00694
0  842.5  1.9798
0  847.5  1.9563
0  852.5  1.93425
0  857.5  1.91133
0  862.5  1.88332
0  867.5  1.85634
0  872.5  1.83197
0  877.5  1.81035
0  882.5  1.78061
0  887.5  1.75362
0  892.5  1.72794
0  897.5  1.69921
0  902.5  1.67049
0  907.5  1.64423
0  912.5  1.61245
0  917.5  1.58112
0  922.5  1.54688
0  927.5  1.51641
0  932.5  1.48435
0  937.5  1.4533
0  942.5  1.42022
0  947.5  1.38627
0  952.5  1.35334
0  957.5  1.32098
0  962.5  1.2837
0  967.5  1.2451
0  972.5  1.2097
0  977.5  1.17546
0  982.5  1.13353
0  987.5  1.09117
0  992.5  1.04852
0  997.5  1.0076
0  1002.5  0.956533
0  1007.5  0.913589
0  1012.5  0.869774
0  1017.5  0.820735
0  1022.5  0.768651
0  1027.5  0.71439
0  1032.5  0.657227
0  1037.5  0.604126
0  1042.5  0.543772
0  1047.5  0.484143
0  1052.5  0.431768
0  1057.5  0.373154
0  1062.5  0.313815
0  1067.5  0.26231
0  1072.5  0.217189
0  1077.5  0.174825
0  1082.5  0.137829
0  1087.5  0.108812
0  1092.5  0.0863245
0  1097.5  0.0702203
0  1102.5  0.0570177
0  1107.5  0.0462815
0  1112.5  0.0374315
0  1117.5  0.0309027
0  1122.5  0.0250994
0  1127.5  0.020892
0  1132.5  0.0168296
0  1137.5  0.0142182
0  1142.5  0.0113165
0  1147.5  0.00943041
0  1152.5  0.00899516
0  1157.5  0.00812466
0  1162.5  0.00710908
0  1167.5  0.00623858
0  1172.5  0.00507791
0  1177.5  0.00478774
0  1182.5  0.00319183
0  1187.5  0.00217625
0  1192.5  0.00159591
0  1197.5  0.00145083
53  128  560  1200  P2Y1
0  562.5  2.38125
0  567.5  2.37965
0  572.5  2.37762
0  577.5  2.37487
0  582.5  2.37066
0  587.5  2.36747
0  592.5  2.365
0  597.5  2.36253
0  602.5  2.35934
0  607.5  2.35514
0  612.5  2.35238
0  617.5  2.34933
0  622.5  2.34585
0  627.5  2.34396
0  632.5  2.34063
0  637.5  2.33598
0  642.5  2.33279
0  647.5  2.32975
0  652.5  2.32713
0  657.5  2.32467
0  662.5  2.32133
0  667.5  2.32002
0  672.5  2.31567
0  677.5  2.31132
0  682.5  2.3074
0  687.5  2.3045
0  692.5  2.30116
0  697.5  2.29754
0  702.5  2.29217
0  707.5  2.28709
0  712.5  2.28129
0  717.5  2.27621
0  722.5  2.27099
0  727.5  2.26257
0  732.5  2.2543
0  737.5  2.24386
0  742.5  2.23356
0  747.5  2.2218
0  752.5  2.21063
0  757.5  2.19845
0  762.5  2.18147
0  767.5  2.16522
0  772.5  2.14926
0  777.5  2.12779
0  782.5  2.10835
0  787.5  2.08905
0  792.5  2.07034
0  797.5  2.0493
0  802.5  2.02783
0  807.5  2.00606
0  812.5  1.98546
0  817.5  1.96327
0  822.5  1.93628
0  827.5  1.91553
0  832.5  1.89203
0  837.5  1.86795
0  842.5  1.84256
0  847.5  1.8192
0  852.5  1.79584
0  857.5  1.77277
0  862.5  1.74375
0  867.5  1.71764
0  872.5  1.69486
0  877.5  1.66555
0  882.5  1.64162
0  887.5  1.61753
0  892.5  1.58895
0  897.5  1.56168
0  902.5  1.53469
0  907.5  1.50901
0  912.5  1.48246
0  917.5  1.45257
0  922.5  1.42211
0  927.5  1.39178
0  932.5  1.35957
0  937.5  1.33244
0  942.5  1.30111
0  947.5  1.27339
0  952.5  1.24235
0  957.5  1.20709
0  962.5  1.16835
0  967.5  1.1376
0  972.5  1.10466
0  977.5  1.06723
0  982.5  1.02951
0  987.5  0.998172
0  992.5  0.956098
0  997.5  0.922004
0  1002.5  0.879639
0  1007.5  0.840612
0  1012.5  0.801149
0  1017.5  0.759655
0  1022.5  0.712068
0  1027.5  0.669559
0  1032.5  0.629371
0  1037.5  0.583089
0  1042.5  0.531875
0  1047.5  0.489801
0  1052.5  0.442359
0  1057.5  0.398543
0  1062.5  0.354148
0  1067.5  0.315556
0  1072.5  0.276383
0  1077.5  0.244755
0  1082.5  0.214143
0  1087.5  0.191365
0  1092.5  0.167281
0  1097.5  0.145083
0  1102.5  0.125932
0  1107.5  0.110263
0  1112.5  0.0982213
0  1117.5  0.0887909
0  1122.5  0.0792154
0  1127.5  0.0710908
0  1132.5  0.0651423
0  1137.5  0.0590488
0  1142.5  0.0533906
0  1147.5  0.0480225
0  1152.5  0.0433799
0  1157.5  0.0387372
0  1162.5  0.03482
0  1167.5  0.0317732
0  1172.5  0.0284363
0  1177.5  0.0248092
0  1182.5  0.019151
0  1187.5  0.013928
0  1192.5  0.00754432
0  1197.5  0.00377216
54  128  560  1200  P2Y2
0  562.5  2.38125
0  567.5  2.37965
0  572.5  2.37762
0  577.5  2.37487
0  582.5  2.37066
0  587.5  2.36747
0  592.5  2.365
0  597.5  2.36253
0  602.5  2.35934
0  607.5  2.35514
0  612.5  2.35238
0  617.5  2.34933
0  622.5  2.34585
0  627.5  2.34396
0  632.5  2.34063
0  637.5  2.33598
0  642.5  2.33279
0  647.5  2.32975
0  652.5  2.32713
0  657.5  2.32467
0  662.5  2.32133
0  667.5  2.32002
0  672.5  2.31567
0  677.5  2.31132
0  682.5  2.3074
0  687.5  2.3045
0  692.5  2.30116
0  697.5  2.29754
0  702.5  2.29217
0  707.5  2.28709
0  712.5  2.28129
0  717.5  2.27621
0  722.5  2.27099
0  727.5  2.26257
0  732.5  2.2543
0  737.5  2.24386
0  742.5  2.23356
0  747.5  2.2218
0  752.5  2.21063
0  757.5  2.19845
0  762.5  2.18147
0  767.5  2.16522
0  772.5  2.14926
0  777.5  2.12779
0  782.5  2.10835
0  787.5  2.08905
0  792.5  2.07034
0  797.5  2.0493
0  802.5  2.02783
0  807.5  2.00606
0  812.5  1.98546
0  817.5  1.96327
0  822.5  1.93628
0  827.5  1.91553
0  832.5  1.89203
0  837.5  1.86795
0  842.5  1.84256
0  847.5  1.8192
0  852.5  1.79584
0  857.5  1.77277
0  862.5  1.74375
0  867.5  1.71764
0  872.5  1.69486
0  877.5  1.66555
0  882.5  1.64162
0  887.5  1.61753
0  892.5  1.58895
0  897.5  1.56168
0  902.5  1.53469
0  907.5  1.50901
0  912.5  1.48246
0  917.5  1.45257
0  922.5  1.42211
0  927.5  1.39178
0  932.5  1.35957
0  937.5  1.33244
0  942.5  1.30111
0  947.5  1.27339
0  952.5  1.24235
0  957.5  1.20709
0  962.5  1.16835
0  967.5  1.1376
0  972.5  1.10466
0  977.5  1.06723
0  982.5  1.02951
0  987.5  0.998172
0  992.5  0.956098
0  997.5  0.922004
0  1002.5  0.879639
0  1007.5  0.840612
0  1012.5  0.801149
0  1017.5  0.759655
0  1022.5  0.712068
0  1027.5  0.669559
0  1032.5  0.629371
0  1037.5  0.583089
0  1042.5  0.531875
0  1047.5  0.489801
0  1052.5  0.442359
0  1057.5  0.398543
0  1062.5  0.354148
0  1067.5  0.315556
0  1072.5  0.276383
0  1077.5  0.244755
0  1082.5  0.214143
0  1087.5  0.191365
0  1092.5  0.167281
0  1097.5  0.145083
0  1102.5  0.125932
0  1107.5  0.110263
0  1112.5  0.0982213
0  1117.5  0.0887909
0  1122.5  0.0792154
0  1127.5  0.0710908
0  1132.5  0.0651423
0  1137.5  0.0590488
0  1142.5  0.0533906
0  1147.5  0.0480225
0  1152.5  0.0433799
0  1157.5  0.0387372
0  1162.5  0.03482
0  1167.5  0.0317732
0  1172.5  0.0284363
0  1177.5  0.0248092
0  1182.5  0.019151
0  1187.5  0.013928
0  1192.5  0.00754432
0  1197.5  0.00377216
