1	46968	32012	38008	40008	46008	1.34	155600	278
1	46934	32012	38008	40006	46006	0.6	0	0
1	46371	32012	38006	40003	46003	1.94	21000	808
1	42002	32011	38005	40002	46002	2.23	16170	1580
1	47224	32012	38009	40008	46008	1.93	25.71	250
1	77293	32019	38014	40015	46013	3.38	53030	1705
1	68556	32017	38012	40013	46012	3.27	116300	621
1	68267	32017	38011	40011	46011	3.24	5687	770
1	72892	32018	38013	40012	46012	3.22	115500	663
1	68796	32017	38013	40012	46012	3.15	109700	638
1	77277	32019	38014	40014	46013	3.14	230800	1617
1	73181	32018	38014	40014	46013	3.05	312700	1528
1	77260	32019	38014	40013	46012	3.04	113400	1002
1	77004	32019	38013	40013	46012	3.02	233400	694
1	68540	32017	38012	40012	46012	3.01	241000	536
1	76715	32019	38012	40011	46011	3	21680	651
1	76731	32019	38012	40012	46011	2.98	44740	672
1	77276	32019	38014	40014	46012	2.94	63100	1280
1	72362	32018	38011	40011	46010	2.93	63960	485
1	72635	32018	38012	40012	46011	2.93	677700	647
1	72908	32018	38013	40013	46012	2.91	849900	683
1	76987	32019	38013	40012	46011	2.87	279500	835
1	63898	32016	38010	40010	46010	2.86	60330	485
1	64443	32016	38012	40012	46011	2.79	1.659e+06	585
1	64171	32016	38011	40011	46011	2.79	1.144e+06	738
1	72602	32018	38012	40010	46010	2.78	91740	378
1	76714	32019	38012	40011	46010	2.78	271600	408
1	76425	32019	38011	40009	46009	2.77	69080	381
1	76698	32019	38012	40010	46010	2.77	49990	395
1	72346	32018	38011	40010	46010	2.72	228200	472
1	68523	32017	38012	40011	46011	2.71	795700	618
1	72619	32018	38012	40011	46011	2.7	203900	626
1	76697	32019	38012	40010	46009	2.67	119300	323
1	76441	32019	38011	40010	46009	2.66	127400	393
1	72618	32018	38012	40011	46010	2.66	868700	404
1	76152	32019	38010	40008	46008	2.65	38680	762
1	67993	32017	38010	40010	46009	2.64	15060	421
1	76134	32019	38010	40007	46006	2.64	35840	753
1	76424	32019	38011	40009	46008	2.63	153000	725
1	75878	32019	38009	40007	46006	2.63	26620	489
1	64427	32016	38012	40011	46011	2.62	851900	574
1	68250	32017	38011	40010	46010	2.62	1.466e+06	456
1	72328	32018	38011	40009	46008	2.58	315800	691
1	68266	32017	38011	40011	46010	2.58	1.486e+06	468
1	68522	32017	38012	40011	46010	2.57	1.095e+06	389
1	72891	32018	38013	40012	46011	2.57	393200	795
1	76151	32019	38010	40008	46007	2.55	80280	1063
1	68539	32017	38012	40012	46011	2.55	2.196e+06	629
1	75845	32019	38009	40005	46005	2.55	28790	659
1	68249	32017	38011	40010	46009	2.54	2.151e+06	367
1	63897	32016	38010	40010	46009	2.53	2.516e+06	405
1	75861	32019	38009	40006	46005	2.53	40040	699
1	72056	32018	38010	40008	46008	2.53	268600	732
1	60058	32015	38011	40010	46010	2.52	2.721e+06	381
1	72329	32018	38011	40009	46009	2.51	315000	367
1	59802	32015	38010	40010	46010	2.49	3.377e+06	447
1	75589	32019	38008	40005	46005	2.48	13140	682
1	67976	32017	38010	40009	46008	2.47	1.331e+06	744
1	71765	32018	38009	40006	46005	2.47	100600	667
1	72039	32018	38010	40007	46007	2.46	179000	1214
1	71783	32018	38009	40007	46007	2.46	115900	848
1	72345	32018	38011	40010	46009	2.46	710000	379
1	71782	32018	38009	40007	46006	2.46	163400	478
1	68233	32017	38011	40009	46009	2.45	657700	360
1	71509	32018	38008	40006	46005	2.44	27280	719
1	75299	32019	38007	40003	46003	2.44	16350	1334
1	67977	32017	38010	40009	46009	2.44	749500	418
1	72072	32018	38010	40009	46008	2.44	263800	767
1	75572	32019	38008	40004	46004	2.43	35710	991
1	75862	32019	38009	40006	46006	2.42	52890	491
1	64153	32016	38011	40010	46009	2.4	2.822e+06	353
1	59529	32015	38009	40009	46009	2.39	321600	257
1	71492	32018	38008	40005	46004	2.39	51010	865
1	64154	32016	38011	40010	46010	2.38	3.952e+06	427
1	59801	32015	38010	40010	46009	2.38	6.524e+06	355
1	71476	32018	38008	40004	46004	2.37	103300	958
1	71203	32018	38007	40003	46003	2.36	84420	1295
1	71766	32018	38009	40006	46006	2.36	182400	463
1	64170	32016	38011	40011	46010	2.36	4.06e+06	448
1	71220	32018	38007	40004	46004	2.36	30190	992
1	72055	32018	38010	40008	46007	2.36	281600	1012
1	63880	32016	38010	40009	46008	2.35	3.594e+06	676
1	76135	32019	38010	40007	46007	2.35	52290	1268
1	68812	32017	38013	40013	46012	2.34	925800	661
1	67414	32017	38008	40006	46006	2.32	329000	472
1	67960	32017	38010	40008	46008	2.32	1.265e+06	728
1	63864	32016	38010	40008	46008	2.31	3.084e+06	671
1	67703	32017	38009	40008	46007	2.31	322800	646
1	67396	32017	38008	40005	46004	2.31	171000	856
1	67959	32017	38010	40008	46007	2.3	646900	1011
1	67686	32017	38009	40007	46006	2.3	588900	450
1	63881	32016	38010	40009	46009	2.29	5.394e+06	380
1	67413	32017	38008	40006	46005	2.27	218400	683
1	63335	32016	38008	40007	46007	2.27	105400	760
1	67397	32017	38008	40005	46005	2.25	618300	640
1	67687	32017	38009	40007	46007	2.24	1.086e+06	808
1	59528	32015	38009	40009	46008	2.24	3.265e+06	433
1	59784	32015	38010	40009	46008	2.24	4.639e+06	618
1	55689	32014	38010	40009	46009	2.23	7.127e+06	267
1	63317	32016	38008	40006	46005	2.23	719300	634
1	66851	32017	38006	40003	46003	2.22	90000	1655
1	63607	32016	38009	40008	46007	2.2	2.218e+06	606
1	63608	32016	38009	40008	46008	2.19	2.155e+06	444
1	71493	32018	38008	40005	46005	2.18	138000	667
1	67124	32017	38007	40004	46004	2.18	348000	968
1	67670	32017	38009	40006	46006	2.17	647000	455
1	62739	32016	38006	40002	46003	2.17	152100	1667
1	63590	32016	38009	40007	46006	2.17	1.106e+06	435
1	59785	32015	38010	40009	46009	2.17	1.432e+07	332
1	63301	32016	38008	40005	46005	2.15	1.933e+06	586
1	59511	32015	38009	40008	46007	2.14	5.016e+06	541
1	67107	32017	38007	40003	46003	2.14	279000	1246
1	63591	32016	38009	40007	46007	2.12	4.339e+06	761
1	59512	32015	38009	40008	46008	2.12	1.733e+07	401
1	63334	32016	38008	40007	46006	2.1	352200	437
1	58966	32015	38007	40006	46006	2.09	206400	370
1	63044	32016	38007	40005	46004	2.09	168000	778
1	63318	32016	38008	40006	46006	2.08	3.056e+06	444
1	62755	32016	38006	40003	46003	2.05	795500	1506
1	63028	32016	38007	40004	46004	2.05	2.008e+06	869
1	58933	32015	38007	40004	46005	2.05	652600	557
1	55432	32014	38009	40009	46008	2.04	7.907e+06	333
1	55433	32014	38009	40009	46009	2.03	7.472e+06	212
1	59768	32015	38010	40008	46008	2.02	846200	607
1	59495	32015	38009	40007	46007	2.02	1.161e+07	684
1	63045	32016	38007	40005	46005	2.01	768500	557
1	63574	32016	38009	40006	46006	2	451000	430
1	59238	32015	38008	40007	46006	1.99	2.633e+06	375
1	59239	32015	38008	40007	46007	1.99	6.769e+06	670
1	55160	32014	38008	40008	46008	1.98	1.445e+06	331
1	59205	32015	38008	40005	46005	1.98	2.454e+06	512
1	63011	32016	38007	40003	46003	1.97	461600	1142
1	55415	32014	38009	40008	46007	1.96	5.009e+06	413
1	54836	32014	38007	40004	46004	1.95	5.696e+06	606
1	55127	32014	38008	40006	46007	1.95	1.094e+06	480
1	55159	32014	38008	40008	46007	1.93	2.082e+06	438
1	58949	32015	38007	40005	46005	1.92	7.827e+06	498
1	59221	32015	38008	40006	46005	1.92	1.22e+06	555
1	55142	32014	38008	40007	46006	1.91	2.337e+06	329
1	58643	32015	38006	40002	46003	1.89	976800	1441
1	58642	32015	38006	40002	46002	1.89	1.118e+06	1816
1	55416	32014	38009	40008	46008	1.87	3.897e+07	303
1	58676	32015	38006	40004	46004	1.85	1.176e+06	1031
1	55399	32014	38009	40007	46007	1.84	5.026e+06	508
1	54291	32014	38005	40002	46003	1.83	3.78e+06	1240
1	55126	32014	38008	40006	46006	1.83	2.911e+07	315
1	54273	32014	38005	40001	46001	1.82	2.081e+06	1950
1	58932	32015	38007	40004	46004	1.81	5.757e+06	761
1	54581	32014	38006	40004	46005	1.8	815100	639
1	51048	32013	38008	40007	46008	1.79	959800	473
1	51063	32013	38008	40008	46007	1.79	2.335e+06	540
1	54870	32014	38007	40006	46006	1.79	1.476e+07	295
1	58660	32015	38006	40003	46004	1.78	626000	1324
1	54274	32014	38005	40001	46002	1.76	3.192e+06	1795
1	54307	32014	38005	40003	46003	1.76	1.335e+06	1170
1	59222	32015	38008	40006	46006	1.75	1.272e+07	383
1	54563	32014	38006	40003	46003	1.72	1.163e+07	998
1	58659	32015	38006	40003	46003	1.72	3.91e+06	1338
1	55143	32014	38008	40007	46007	1.72	4.685e+07	524
1	54837	32014	38007	40004	46005	1.7	4.261e+06	441
1	54564	32014	38006	40003	46004	1.7	4.687e+06	1024
1	54580	32014	38006	40004	46004	1.7	1.484e+07	822
1	54853	32014	38007	40005	46005	1.7	2.954e+07	403
1	54290	32014	38005	40002	46002	1.69	7.833e+06	1582
1	51320	32013	38009	40008	46008	1.67	1.169e+07	372
1	54854	32014	38007	40005	46006	1.66	3.716e+06	301
1	51031	32013	38008	40006	46007	1.63	7.054e+06	597
1	51064	32013	38008	40008	46008	1.61	1.179e+07	406
1	50758	32013	38007	40005	46006	1.59	2.046e+07	341
1	50757	32013	38007	40005	46005	1.57	6.063e+07	457
1	50194	32013	38005	40002	46002	1.57	1.971e+07	1925
1	50791	32013	38007	40007	46007	1.56	800800	626
1	50775	32013	38007	40006	46007	1.55	3.876e+06	586
1	50484	32013	38006	40004	46004	1.54	5.444e+07	945
1	50501	32013	38006	40005	46005	1.53	1.912e+07	662
1	51030	32013	38008	40006	46006	1.53	1.701e+07	367
1	50467	32013	38006	40003	46003	1.53	1.055e+07	1223
1	50468	32013	38006	40003	46004	1.52	1.992e+07	1237
1	50212	32013	38005	40003	46004	1.52	3.66e+06	1694
1	46098	32012	38005	40002	46002	1.5	1.343e+07	1264
1	50195	32013	38005	40002	46003	1.5	1.748e+07	1551
1	46372	32012	38006	40003	46004	1.48	9.25e+06	799
1	50211	32013	38005	40003	46003	1.45	2.375e+07	1443
1	50485	32013	38006	40004	46005	1.44	2.148e+07	748
1	51047	32013	38008	40007	46007	1.43	7.831e+07	628
1	50774	32013	38007	40006	46006	1.43	8.521e+07	348
1	45825	32012	38004	40001	46001	1.4	2.06e+07	1984
1	45826	32012	38004	40001	46002	1.38	4.987e+07	1891
1	45843	32012	38004	40002	46003	1.33	7.199e+06	1852
1	46099	32012	38005	40002	46003	1.33	5.95e+07	1031
1	46661	32012	38007	40005	46005	1.24	2.228e+07	322
1	46132	32012	38005	40004	46004	1.22	1.557e+07	852
1	46116	32012	38005	40003	46004	1.2	6.563e+07	1156
1	45842	32012	38004	40002	46002	1.17	3.151e+07	1777
1	46389	32012	38006	40004	46005	1.14	7.071e+07	545
1	46388	32012	38006	40004	46004	1.12	9.06e+07	619
1	42003	32011	38005	40002	46003	1.09	3.779e+07	1313
1	46115	32012	38005	40003	46003	1.08	6.843e+07	986
1	46405	32012	38006	40005	46005	1.05	1.027e+08	483
1	46695	32012	38007	40007	46007	0.985	5.216e+06	418
1	46406	32012	38006	40005	46006	0.968	7.976e+06	277
1	46662	32012	38007	40005	46006	0.968	3.771e+07	233
1	42566	32011	38007	40005	46006	0.968	1.456e+06	281
1	46679	32012	38007	40006	46007	0.916	9.142e+06	397
1	42019	32011	38005	40003	46003	0.874	9.34e+07	1290
1	46678	32012	38007	40006	46006	0.846	7.848e+07	257
1	41763	32011	38004	40003	46003	0.827	4.721e+06	1826
1	46951	32012	38008	40007	46007	0.763	1.121e+07	422
1	42292	32011	38006	40004	46004	0.743	2.029e+07	824
1	72924	32018	38013	40014	46012	3.29	27270	895
1	64187	32016	38011	40012	46011	3.28	58670	715
1	77003	32019	38013	40013	46011	3.06	50310	837
1	63624	32016	38009	40009	46008	2.8	1243	467
1	76168	32019	38010	40009	46008	2.71	4759	797
1	75588	32019	38008	40005	46004	2.51	12000	917
1	60074	32015	38011	40011	46010	2.4	2.14e+06	376
1	67704	32017	38009	40008	46008	2.31	25480	472
1	70913	32018	38006	40001	46001	2.21	36800	3255
1	66561	32017	38005	40001	46001	2.2	69090	3491
1	54869	32014	38007	40006	46005	2.17	494800	420
1	62466	32016	38005	40001	46002	2.13	120600	2860
1	51046	32013	38008	40007	46006	2.13	294800	376
1	58387	32015	38005	40002	46003	2.06	82560	1661
1	62482	32016	38005	40002	46002	2.05	104300	2434
1	62465	32016	38005	40001	46001	2.04	434000	3138
1	54597	32014	38006	40005	46005	2.02	14300	560
1	58113	32015	38004	40001	46001	2	55340	3410
1	58370	32015	38005	40001	46002	1.95	798600	2365
1	58386	32015	38005	40002	46002	1.87	1.62e+06	2080
1	54018	32014	38004	40001	46002	1.82	252400	2388
1	54017	32014	38004	40001	46001	1.8	1.906e+06	2541
1	58369	32015	38005	40001	46001	1.72	1.373e+06	2622
1	50178	32013	38005	40001	46002	1.7	3.514e+06	2203
1	49922	32013	38004	40001	46002	1.61	7.858e+06	2971
1	49938	32013	38004	40002	46002	1.59	665200	2804
1	49921	32013	38004	40001	46001	1.51	7.807e+06	3124
1	41729	32011	38004	40001	46001	1.35	5.329e+06	2510
1	46422	32012	38006	40006	46006	1.27	285.1	278
1	41730	32011	38004	40001	46002	1.12	3.563e+07	2441
1	41746	32011	38004	40002	46002	1.08	1.948e+07	2273
1	37923	32010	38005	40003	46003	0.794	3.228e+06	1821
1	42036	32011	38005	40004	46004	0.599	2.642e+07	1175
1	-46968	31012	37008	39008	45008	1.34	155600	278
1	-46934	31012	37008	39006	45006	0.6	0	0
1	-46371	31012	37006	39003	45003	1.94	21000	808
1	-42002	31011	37005	39002	45002	2.23	16170	1580
1	-47224	31012	37009	39008	45008	1.93	25.71	250
1	-77293	31019	37014	39015	45013	3.38	53030	1185
1	-68556	31017	37012	39013	45012	3.27	116300	666
1	-68267	31017	37011	39011	45011	3.24	5687	446
1	-72892	31018	37013	39012	45012	3.22	115500	668
1	-68796	31017	37013	39012	45012	3.15	109700	645
1	-77277	31019	37014	39014	45013	3.14	230800	1036
1	-73181	31018	37014	39014	45013	3.05	312700	1014
1	-77260	31019	37014	39013	45012	3.04	113400	1122
1	-77004	31019	37013	39013	45012	3.02	233400	1083
1	-68540	31017	37012	39012	45012	3.01	241000	415
1	-76715	31019	37012	39011	45011	3	21680	384
1	-76731	31019	37012	39012	45011	2.98	44740	437
1	-77276	31019	37014	39014	45012	2.94	63100	917
1	-72362	31018	37011	39011	45010	2.93	63960	746
1	-72635	31018	37012	39012	45011	2.93	677700	419
1	-72908	31018	37013	39013	45012	2.91	849900	1049
1	-76987	31019	37013	39012	45011	2.87	279500	688
1	-63898	31016	37010	39010	45010	2.86	60330	655
1	-64443	31016	37012	39012	45011	2.79	1.659e+06	376
1	-64171	31016	37011	39011	45011	2.79	1.144e+06	402
1	-72602	31018	37012	39010	45010	2.78	91740	692
1	-76714	31019	37012	39011	45010	2.78	271600	616
1	-76425	31019	37011	39009	45009	2.77	69080	493
1	-76698	31019	37012	39010	45010	2.77	49990	706
1	-72346	31018	37011	39010	45010	2.72	228200	855
1	-68523	31017	37012	39011	45011	2.71	795700	381
1	-72619	31018	37012	39011	45011	2.7	203900	383
1	-76697	31019	37012	39010	45009	2.67	119300	444
1	-76441	31019	37011	39010	45009	2.66	127400	544
1	-72618	31018	37012	39011	45010	2.66	868700	622
1	-76152	31019	37010	39008	45008	2.65	38680	388
1	-67993	31017	37010	39010	45009	2.64	15060	440
1	-76134	31019	37010	39007	45006	2.64	35840	800
1	-76424	31019	37011	39009	45008	2.63	153000	405
1	-75878	31019	37009	39007	45006	2.63	26620	646
1	-64427	31016	37012	39011	45011	2.62	851900	345
1	-68250	31017	37011	39010	45010	2.62	1.466e+06	815
1	-72328	31018	37011	39009	45008	2.58	315800	407
1	-68266	31017	37011	39011	45010	2.58	1.486e+06	716
1	-68522	31017	37012	39011	45010	2.57	1.095e+06	619
1	-72891	31018	37013	39012	45011	2.57	393200	681
1	-76151	31019	37010	39008	45007	2.55	80280	456
1	-68539	31017	37012	39012	45011	2.55	2.196e+06	409
1	-75845	31019	37009	39005	45005	2.55	28790	1135
1	-68249	31017	37011	39010	45009	2.54	2.151e+06	516
1	-63897	31016	37010	39010	45009	2.53	2.516e+06	418
1	-75861	31019	37009	39006	45005	2.53	40040	954
1	-72056	31018	37010	39008	45008	2.53	268600	378
1	-60058	31015	37011	39010	45010	2.52	2.721e+06	644
1	-72329	31018	37011	39009	45009	2.51	315000	499
1	-59802	31015	37010	39010	45010	2.49	3.377e+06	600
1	-75589	31019	37008	39005	45005	2.48	13140	1544
1	-67976	31017	37010	39009	45008	2.47	1.331e+06	331
1	-71765	31018	37009	39006	45005	2.47	100600	935
1	-72039	31018	37010	39007	45007	2.46	179000	465
1	-71783	31018	37009	39007	45007	2.46	115900	363
1	-72345	31018	37011	39010	45009	2.46	710000	556
1	-71782	31018	37009	39007	45006	2.46	163400	642
1	-68233	31017	37011	39009	45009	2.45	657700	471
1	-71509	31018	37008	39006	45005	2.44	27280	1307
1	-75299	31019	37007	39003	45003	2.44	16350	997
1	-67977	31017	37010	39009	45009	2.44	749500	410
1	-72072	31018	37010	39009	45008	2.44	263800	346
1	-75572	31019	37008	39004	45004	2.43	35710	1205
1	-75862	31019	37009	39006	45006	2.42	52890	657
1	-64153	31016	37011	39010	45009	2.4	2.822e+06	480
1	-59529	31015	37009	39009	45009	2.39	321600	302
1	-71492	31018	37008	39005	45004	2.39	51010	1121
1	-64154	31016	37011	39010	45010	2.38	3.952e+06	720
1	-59801	31015	37010	39010	45009	2.38	6.524e+06	377
1	-71476	31018	37008	39004	45004	2.37	103300	1171
1	-71203	31018	37007	39003	45003	2.36	84420	995
1	-71766	31018	37009	39006	45006	2.36	182400	643
1	-64170	31016	37011	39011	45010	2.36	4.06e+06	642
1	-71220	31018	37007	39004	45004	2.36	30190	1078
1	-72055	31018	37010	39008	45007	2.36	281600	449
1	-63880	31016	37010	39009	45008	2.35	3.594e+06	302
1	-76135	31019	37010	39007	45007	2.35	52290	453
1	-68812	31017	37013	39013	45012	2.34	925800	986
1	-67414	31017	37008	39006	45006	2.32	329000	836
1	-67960	31017	37010	39008	45008	2.32	1.265e+06	368
1	-63864	31016	37010	39008	45008	2.31	3.084e+06	342
1	-67703	31017	37009	39008	45007	2.31	322800	371
1	-67396	31017	37008	39005	45004	2.31	171000	1074
1	-67959	31017	37010	39008	45007	2.3	646900	432
1	-67686	31017	37009	39007	45006	2.3	588900	616
1	-63881	31016	37010	39009	45009	2.29	5.394e+06	371
1	-67413	31017	37008	39006	45005	2.27	218400	1273
1	-63335	31016	37008	39007	45007	2.27	105400	461
1	-67397	31017	37008	39005	45005	2.25	618300	1424
1	-66834	31017	37006	39002	45002	2.25	191400	1698
1	-67687	31017	37009	39007	45007	2.24	1.086e+06	354
1	-59528	31015	37009	39009	45008	2.24	3.265e+06	226
1	-59784	31015	37010	39009	45008	2.24	4.639e+06	274
1	-55689	31014	37010	39009	45009	2.23	7.127e+06	265
1	-63317	31016	37008	39006	45005	2.23	719300	1135
1	-66851	31017	37006	39003	45003	2.22	90000	1027
1	-70930	31018	37006	39002	45002	2.21	44070	1775
1	-63607	31016	37009	39008	45007	2.2	2.218e+06	343
1	-63608	31016	37009	39008	45008	2.19	2.155e+06	294
1	-71493	31018	37008	39005	45005	2.18	138000	1484
1	-67124	31017	37007	39004	45004	2.18	348000	1019
1	-67670	31017	37009	39006	45006	2.17	647000	620
1	-62739	31016	37006	39002	45003	2.17	152100	1390
1	-63590	31016	37009	39007	45006	2.17	1.106e+06	562
1	-59785	31015	37010	39009	45009	2.17	1.432e+07	356
1	-63301	31016	37008	39005	45005	2.15	1.933e+06	1318
1	-59511	31015	37009	39008	45007	2.14	5.016e+06	305
1	-67107	31017	37007	39003	45003	2.14	279000	931
1	-63591	31016	37009	39007	45007	2.12	4.339e+06	323
1	-59512	31015	37009	39008	45008	2.12	1.733e+07	254
1	-63334	31016	37008	39007	45006	2.1	352200	792
1	-58966	31015	37007	39006	45006	2.09	206400	610
1	-63044	31016	37007	39005	45004	2.09	168000	912
1	-63318	31016	37008	39006	45006	2.08	3.056e+06	770
1	-62755	31016	37006	39003	45003	2.05	795500	973
1	-63028	31016	37007	39004	45004	2.05	2.008e+06	931
1	-58933	31015	37007	39004	45005	2.05	652600	1028
1	-62482	31016	37005	39002	45002	2.05	104300	1876
1	-55432	31014	37009	39009	45008	2.04	7.907e+06	181
1	-62738	31016	37006	39002	45002	2.03	700300	1547
1	-55433	31014	37009	39009	45009	2.03	7.472e+06	229
1	-59768	31015	37010	39008	45008	2.02	846200	296
1	-59495	31015	37009	39007	45007	2.02	1.161e+07	294
1	-63045	31016	37007	39005	45005	2.01	768500	1221
1	-63574	31016	37009	39006	45006	2	451000	573
1	-59238	31015	37008	39007	45006	1.99	2.633e+06	718
1	-59239	31015	37008	39007	45007	1.99	6.769e+06	412
1	-55160	31014	37008	39008	45008	1.98	1.445e+06	248
1	-59205	31015	37008	39005	45005	1.98	2.454e+06	1156
1	-63011	31016	37007	39003	45003	1.97	461600	884
1	-55415	31014	37009	39008	45007	1.96	5.009e+06	240
1	-54836	31014	37007	39004	45004	1.95	5.696e+06	637
1	-55127	31014	37008	39006	45007	1.95	1.094e+06	312
1	-58370	31015	37005	39001	45002	1.95	895900	1868
1	-55159	31014	37008	39008	45007	1.93	2.082e+06	336
1	-58949	31015	37007	39005	45005	1.92	7.827e+06	1074
1	-59221	31015	37008	39006	45005	1.92	1.22e+06	1018
1	-55142	31014	37008	39007	45006	1.91	2.337e+06	564
1	-58643	31015	37006	39002	45003	1.89	976800	1208
1	-58642	31015	37006	39002	45002	1.89	1.118e+06	1313
1	-55416	31014	37009	39008	45008	1.87	3.897e+07	203
1	-58386	31015	37005	39002	45002	1.87	1.663e+06	1563
1	-58676	31015	37006	39004	45004	1.85	1.176e+06	940
1	-55399	31014	37009	39007	45007	1.84	5.026e+06	241
1	-54291	31014	37005	39002	45003	1.83	3.78e+06	1153
1	-55126	31014	37008	39006	45006	1.83	2.911e+07	540
1	-54273	31014	37005	39001	45001	1.82	2.081e+06	1622
1	-58932	31015	37007	39004	45004	1.81	5.757e+06	806
1	-54581	31014	37006	39004	45005	1.8	815100	998
1	-51048	31013	37008	39007	45008	1.79	959800	229
1	-51063	31013	37008	39008	45007	1.79	2.335e+06	287
1	-54870	31014	37007	39006	45006	1.79	1.476e+07	469
1	-58660	31015	37006	39003	45004	1.78	626000	809
1	-54274	31014	37005	39001	45002	1.76	3.192e+06	1483
1	-54307	31014	37005	39003	45003	1.76	1.335e+06	855
1	-59222	31015	37008	39006	45006	1.75	1.272e+07	703
1	-54563	31014	37006	39003	45003	1.72	1.163e+07	641
1	-58659	31015	37006	39003	45003	1.72	3.91e+06	830
1	-55143	31014	37008	39007	45007	1.72	4.685e+07	333
1	-54837	31014	37007	39004	45005	1.7	4.261e+06	814
1	-54564	31014	37006	39003	45004	1.7	4.687e+06	640
1	-54580	31014	37006	39004	45004	1.7	1.484e+07	750
1	-54853	31014	37007	39005	45005	1.7	2.954e+07	814
1	-54290	31014	37005	39002	45002	1.69	7.833e+06	1266
1	-51320	31013	37009	39008	45008	1.67	1.169e+07	189
1	-54854	31014	37007	39005	45006	1.66	3.716e+06	551
1	-51031	31013	37008	39006	45007	1.63	7.054e+06	280
1	-51064	31013	37008	39008	45008	1.61	1.179e+07	223
1	-49938	31013	37004	39002	45002	1.59	1.048e+06	1592
1	-50758	31013	37007	39005	45006	1.59	2.046e+07	492
1	-49922	31013	37004	39001	45002	1.59	1.076e+07	1680
1	-50178	31013	37005	39001	45002	1.58	4.359e+06	1232
1	-50757	31013	37007	39005	45005	1.57	6.063e+07	710
1	-50194	31013	37005	39002	45002	1.57	1.971e+07	1045
1	-50791	31013	37007	39007	45007	1.56	800800	231
1	-50775	31013	37007	39006	45007	1.55	3.876e+06	238
1	-50484	31013	37006	39004	45004	1.54	5.444e+07	670
1	-50501	31013	37006	39005	45005	1.53	1.912e+07	820
1	-51030	31013	37008	39006	45006	1.53	1.701e+07	504
1	-50467	31013	37006	39003	45003	1.53	1.055e+07	585
1	-50468	31013	37006	39003	45004	1.52	1.992e+07	565
1	-50212	31013	37005	39003	45004	1.52	3.66e+06	800
1	-46098	31012	37005	39002	45002	1.5	1.343e+07	1115
1	-50195	31013	37005	39002	45003	1.5	1.748e+07	947
1	-46372	31012	37006	39003	45004	1.48	9.25e+06	550
1	-50211	31013	37005	39003	45003	1.45	2.375e+07	740
1	-50485	31013	37006	39004	45005	1.44	2.148e+07	875
1	-51047	31013	37008	39007	45007	1.43	7.831e+07	308
1	-49921	31013	37004	39001	45001	1.43	1.022e+07	1836
1	-50774	31013	37007	39006	45006	1.43	8.521e+07	436
1	-45825	31012	37004	39001	45001	1.4	2.06e+07	1830
1	-45826	31012	37004	39001	45002	1.38	4.987e+07	1684
1	-45843	31012	37004	39002	45003	1.33	7.199e+06	1845
1	-46099	31012	37005	39002	45003	1.33	5.95e+07	999
1	-46661	31012	37007	39005	45005	1.24	2.228e+07	722
1	-46132	31012	37005	39004	45004	1.22	1.557e+07	926
1	-46116	31012	37005	39003	45004	1.2	6.563e+07	862
1	-45842	31012	37004	39002	45002	1.17	3.151e+07	1640
1	-46389	31012	37006	39004	45005	1.14	7.071e+07	879
1	-46388	31012	37006	39004	45004	1.12	9.06e+07	669
1	-42003	31011	37005	39002	45003	1.09	3.779e+07	1295
1	-46115	31012	37005	39003	45003	1.08	6.843e+07	789
1	-46405	31012	37006	39005	45005	1.05	1.027e+08	839
1	-46695	31012	37007	39007	45007	0.985	5.216e+06	238
1	-46406	31012	37006	39005	45006	0.968	7.976e+06	549
1	-46662	31012	37007	39005	45006	0.968	3.771e+07	501
1	-42566	31011	37007	39005	45006	0.968	1.456e+06	628
1	-46679	31012	37007	39006	45007	0.916	9.142e+06	249
1	-42019	31011	37005	39003	45003	0.874	9.34e+07	1017
1	-46678	31012	37007	39006	45006	0.846	7.848e+07	431
1	-41763	31011	37004	39003	45003	0.827	4.721e+06	1389
1	-46951	31012	37008	39007	45007	0.763	1.121e+07	288
1	-42292	31011	37006	39004	45004	0.743	2.029e+07	857
1	-42020	31011	37005	39003	45004	0.684	1.18e+08	1162
1	-64187	31016	37011	39012	45011	3.28	58670	426
1	-77003	31019	37013	39013	45011	3.06	50310	1064
1	-63624	31016	37009	39009	45008	2.8	1243	255
1	-76168	31019	37010	39009	45008	2.71	4759	347
1	-75588	31019	37008	39005	45004	2.51	12000	1152
1	-60074	31015	37011	39011	45010	2.4	2.14e+06	569
1	-67704	31017	37009	39008	45008	2.31	25480	308
1	-70913	31018	37006	39001	45001	2.21	36800	2430
1	-66561	31017	37005	39001	45001	2.2	69090	2843
1	-54869	31014	37007	39006	45005	2.17	494800	703
1	-62466	31016	37005	39001	45002	2.13	120600	2287
1	-51046	31013	37008	39007	45006	2.13	294800	500
1	-58387	31015	37005	39002	45003	2.06	82560	1434
1	-62465	31016	37005	39001	45001	2.04	434000	2490
1	-54597	31014	37006	39005	45005	2.02	14300	958
1	-58113	31015	37004	39001	45001	2	55340	2764
1	-54018	31014	37004	39001	45002	1.82	252400	1957
1	-54017	31014	37004	39001	45001	1.8	1.906e+06	2074
1	-58369	31015	37005	39001	45001	1.72	1.373e+06	2101
1	-41729	31011	37004	39001	45001	1.35	5.329e+06	2313
1	-46422	31012	37006	39006	45006	1.27	285.1	461
1	-41473	31011	37003	39001	45001	1.15	5.386e+06	4012
1	-41730	31011	37004	39001	45002	1.12	3.563e+07	2199
1	-41746	31011	37004	39002	45002	1.08	1.948e+07	2128
1	-37923	31010	37005	39003	45003	0.794	3.228e+06	1338
1	-37394	31010	37003	39002	45002	0.79	19530	3985
1	-42036	31011	37005	39004	45004	0.599	2.642e+07	1304
-1	47241	32012	38009	40009	46009	1.39	626300	169
-1	47275	32012	38009	40011	46011	0.6	0	0
-1	47838	32012	38011	40014	46014	2.18	12010	667
-1	52207	32013	38012	40015	46015	4.04	21.99	1347
-1	46985	32012	38008	40009	46009	1.96	273.6	159
-1	21285	32006	38004	40003	46005	3.24	51800	1809
-1	16933	32005	38003	40003	46005	3.12	33150	1790
-1	17206	32005	38004	40004	46006	3.11	26700	826
-1	25942	32007	38006	40006	46006	3.1	31980	611
-1	17494	32005	38005	40006	46006	3.08	17720	589
-1	17205	32005	38004	40004	46005	3.07	232900	1240
-1	25669	32007	38005	40005	46005	3.04	251600	935
-1	25653	32007	38005	40004	46005	3.04	272200	1270
-1	30022	32008	38006	40005	46006	3.02	174000	606
-1	21317	32006	38004	40005	46005	2.99	37010	1201
-1	17478	32005	38005	40005	46006	2.99	59630	567
-1	25397	32007	38004	40004	46005	2.92	913600	1367
-1	29782	32008	38005	40006	46006	2.9	359000	669
-1	17222	32005	38004	40005	46006	2.9	230100	762
-1	21590	32006	38005	40006	46006	2.9	121700	701
-1	21318	32006	38004	40005	46006	2.9	294200	873
-1	17511	32005	38005	40007	46007	2.88	35640	1012
-1	25686	32007	38005	40006	46006	2.88	689000	681
-1	16949	32005	38003	40004	46005	2.84	69570	1397
-1	21863	32006	38006	40007	46007	2.77	150800	1103
-1	17495	32005	38005	40006	46007	2.77	220300	938
-1	25687	32007	38005	40006	46007	2.77	750400	1085
-1	21574	32006	38005	40005	46006	2.76	688800	664
-1	26216	32007	38007	40007	46008	2.74	94660	600
-1	21301	32006	38004	40004	46005	2.74	738200	1414
-1	30038	32008	38006	40006	46006	2.72	1.362e+06	594
-1	21847	32006	38006	40006	46007	2.7	105700	1012
-1	25670	32007	38005	40005	46006	2.69	1.96e+06	636
-1	17784	32005	38006	40008	46008	2.69	60860	591
-1	29766	32008	38005	40005	46006	2.69	2.025e+06	627
-1	30311	32008	38007	40007	46007	2.68	180900	817
-1	21591	32006	38005	40006	46007	2.67	765700	1126
-1	21864	32006	38006	40007	46008	2.65	606600	836
-1	17768	32005	38006	40007	46008	2.63	142200	722
-1	21881	32006	38006	40008	46009	2.62	195700	397
-1	21880	32006	38006	40008	46008	2.61	189000	695
-1	18331	32005	38008	40010	46011	2.6	26270	554
-1	18074	32005	38007	40010	46010	2.59	44000	348
-1	22444	32006	38008	40011	46012	2.59	71910	474
-1	17785	32005	38006	40008	46009	2.59	106100	346
-1	22170	32006	38007	40010	46010	2.58	89920	408
-1	18621	32005	38009	40012	46013	2.57	18630	522
-1	25959	32007	38006	40007	46007	2.55	1.118e+06	1075
-1	18041	32005	38007	40008	46009	2.55	14500	271
-1	26505	32007	38008	40009	46009	2.55	44350	313
-1	18620	32005	38009	40012	46012	2.54	16330	454
-1	18057	32005	38007	40009	46009	2.53	31930	270
-1	17512	32005	38005	40007	46008	2.52	91570	750
-1	22137	32006	38007	40008	46009	2.52	265600	317
-1	30039	32008	38006	40006	46007	2.5	3.972e+06	964
-1	25943	32007	38006	40006	46007	2.5	1.62e+06	990
-1	22426	32006	38008	40010	46010	2.48	113300	393
-1	30585	32008	38008	40008	46009	2.48	24440	281
-1	22733	32006	38009	40013	46013	2.47	64260	633
-1	18347	32005	38008	40011	46011	2.46	32350	523
-1	18058	32005	38007	40009	46010	2.46	78310	348
-1	22700	32006	38009	40011	46012	2.46	32930	473
-1	18348	32005	38008	40011	46012	2.45	33520	397
-1	22989	32006	38010	40013	46013	2.44	49700	910
-1	22443	32006	38008	40011	46011	2.44	143900	641
-1	25976	32007	38006	40008	46008	2.43	356600	665
-1	30056	32008	38006	40007	46008	2.43	1.767e+06	786
-1	30055	32008	38006	40007	46007	2.43	3.326e+06	1039
-1	34408	32009	38007	40007	46008	2.42	7.259e+06	535
-1	30312	32008	38007	40007	46008	2.42	2.901e+06	594
-1	22427	32006	38008	40010	46011	2.41	172100	678
-1	34407	32009	38007	40007	46007	2.4	4.101e+06	730
-1	34151	32009	38006	40007	46007	2.4	2.318e+06	950
-1	26523	32007	38008	40010	46011	2.4	509400	664
-1	22153	32006	38007	40009	46009	2.4	220400	315
-1	26506	32007	38008	40009	46010	2.39	520000	403
-1	25960	32007	38006	40007	46008	2.38	1.692e+06	808
-1	26233	32007	38007	40008	46009	2.38	1.218e+06	304
-1	18637	32005	38009	40013	46013	2.38	23840	538
-1	22154	32006	38007	40009	46010	2.37	278100	421
-1	22717	32006	38009	40012	46013	2.36	59320	624
-1	26232	32007	38007	40008	46008	2.35	764600	510
-1	26250	32007	38007	40009	46010	2.34	436200	403
-1	23296	32006	38011	40016	46016	2.33	30260	1894
-1	23006	32006	38010	40014	46014	2.33	67900	1697
-1	30874	32008	38009	40010	46010	2.32	172500	365
-1	26813	32007	38009	40012	46013	2.3	136900	605
-1	30328	32008	38007	40008	46008	2.29	4.54e+06	503
-1	26812	32007	38009	40012	46012	2.28	556900	501
-1	22716	32006	38009	40012	46012	2.28	115900	525
-1	27358	32007	38011	40014	46014	2.26	100500	1440
-1	26796	32007	38009	40011	46012	2.26	276000	449
-1	30892	32008	38009	40011	46012	2.26	585800	446
-1	34424	32009	38007	40008	46008	2.25	1.181e+07	471
-1	30329	32008	38007	40008	46009	2.23	3.616e+06	295
-1	27648	32007	38012	40016	46016	2.22	91980	1427
-1	26249	32007	38007	40009	46009	2.22	1.016e+06	303
-1	27085	32007	38010	40013	46013	2.22	367700	891
-1	31165	32008	38010	40012	46013	2.22	256300	828
-1	34681	32009	38008	40008	46009	2.21	4.761e+06	263
-1	34680	32009	38008	40008	46008	2.21	858900	485
-1	18910	32005	38010	40014	46014	2.2	21350	1510
-1	26522	32007	38008	40010	46010	2.2	880100	388
-1	38520	32010	38007	40008	46008	2.19	6.235e+06	413
-1	30345	32008	38007	40009	46009	2.19	1.998e+06	296
-1	26539	32007	38008	40011	46011	2.17	466500	613
-1	30875	32008	38009	40010	46011	2.17	514700	622
-1	30601	32008	38008	40009	46009	2.17	2.46e+06	307
-1	31470	32008	38011	40015	46014	2.16	156900	1457
-1	31198	32008	38010	40014	46014	2.16	329300	1574
-1	27102	32007	38010	40014	46014	2.16	211100	1662
-1	34135	32009	38006	40006	46007	2.16	2.963e+06	892
-1	30618	32008	38008	40010	46010	2.16	3.689e+06	370
-1	26795	32007	38009	40011	46011	2.15	359700	629
-1	35549	32009	38011	40014	46013	2.15	566600	912
-1	34971	32009	38009	40010	46011	2.12	2.564e+06	584
-1	38810	32010	38008	40010	46010	2.1	1.666e+06	312
-1	31744	32008	38012	40016	46016	2.1	421100	1366
-1	30619	32008	38008	40010	46011	2.1	843600	642
-1	34697	32009	38008	40009	46009	2.1	1.41e+07	281
-1	34425	32009	38007	40008	46009	2.09	3.432e+06	275
-1	30602	32008	38008	40009	46010	2.08	2.375e+06	384
-1	31743	32008	38012	40016	46015	2.07	105600	1967
-1	39340	32010	38010	40011	46012	2.06	754600	498
-1	31727	32008	38012	40015	46015	2.06	163300	1841
-1	30908	32008	38009	40012	46012	2.05	1.416e+06	499
-1	31181	32008	38010	40013	46013	2.03	1.409e+06	855
-1	38794	32010	38008	40009	46010	2.03	4.209e+06	306
-1	34698	32009	38008	40009	46010	2.02	4.856e+06	357
-1	38776	32010	38008	40008	46008	2.01	1.024e+07	434
-1	38777	32010	38008	40008	46009	2.01	8.705e+06	233
-1	35839	32009	38012	40016	46015	2	526400	1757
-1	34970	32009	38009	40010	46010	1.99	6.606e+06	345
-1	35004	32009	38009	40012	46012	1.98	1.309e+06	467
-1	35276	32009	38010	40013	46012	1.97	349700	649
-1	31164	32008	38010	40012	46012	1.95	832300	693
-1	36096	32009	38013	40016	46016	1.95	161200	1643
-1	30891	32008	38009	40011	46011	1.95	2.746e+06	612
-1	39612	32010	38011	40012	46012	1.94	164000	531
-1	35566	32009	38011	40015	46014	1.94	490100	1309
-1	35822	32009	38012	40015	46014	1.94	125800	1106
-1	39082	32010	38009	40011	46010	1.94	850100	305
-1	35840	32009	38012	40016	46016	1.94	1.15e+06	1230
-1	31454	32008	38011	40014	46014	1.92	741200	1382
-1	39050	32010	38009	40009	46010	1.92	4.237e+06	323
-1	39049	32010	38009	40009	46009	1.92	2.916e+06	253
-1	35533	32009	38011	40013	46013	1.92	1.538e+06	715
-1	35823	32009	38012	40015	46015	1.91	1.701e+06	1673
-1	34714	32009	38008	40010	46010	1.9	6.689e+06	351
-1	38793	32010	38008	40009	46009	1.9	3.565e+07	254
-1	34988	32009	38009	40011	46012	1.89	799900	414
-1	35277	32009	38010	40013	46013	1.89	3.851e+06	779
-1	39936	32010	38012	40016	46016	1.86	1.493e+06	1037
-1	42889	32011	38008	40009	46009	1.85	1.227e+07	202
-1	35260	32009	38010	40012	46012	1.85	7.412e+06	632
-1	39067	32010	38009	40010	46011	1.84	3.748e+06	497
-1	43163	32011	38009	40010	46011	1.84	791000	411
-1	34987	32009	38009	40011	46011	1.82	1.063e+07	584
-1	35243	32009	38010	40011	46011	1.82	399700	794
-1	39645	32010	38011	40014	46013	1.82	3.484e+06	784
-1	43178	32011	38009	40011	46010	1.82	2.707e+06	251
-1	39083	32010	38009	40011	46011	1.8	2.241e+07	501
-1	39356	32010	38010	40012	46012	1.79	2.672e+07	534
-1	39339	32010	38010	40011	46011	1.79	1.618e+07	687
-1	39628	32010	38011	40013	46012	1.79	1.236e+06	533
-1	39372	32010	38010	40013	46012	1.79	1.915e+06	535
-1	39373	32010	38010	40013	46013	1.76	3.38e+06	667
-1	39902	32010	38012	40014	46014	1.76	2.394e+06	909
-1	35550	32009	38011	40014	46014	1.76	3.504e+06	1224
-1	39355	32010	38010	40012	46011	1.72	1.935e+06	671
-1	39646	32010	38011	40014	46014	1.72	8.46e+06	1023
-1	39918	32010	38012	40015	46014	1.72	2.601e+06	891
-1	43742	32011	38011	40014	46014	1.71	5.676e+06	816
-1	40192	32010	38013	40016	46016	1.7	2.239e+06	1384
-1	40191	32010	38013	40016	46015	1.69	500100	1850
-1	39066	32010	38009	40010	46010	1.67	4.279e+07	298
-1	39935	32010	38012	40016	46015	1.66	2.362e+06	1425
-1	43418	32011	38010	40010	46010	1.66	4.2e+06	348
-1	39629	32010	38011	40013	46013	1.64	1.451e+07	624
-1	43179	32011	38009	40011	46011	1.63	9.67e+06	397
-1	44031	32011	38012	40016	46015	1.63	2.38e+06	1127
-1	44271	32011	38013	40015	46015	1.63	2.308e+06	1492
-1	43434	32011	38010	40011	46010	1.63	4.441e+06	347
-1	43161	32011	38009	40010	46009	1.61	389000	197
-1	43145	32011	38009	40009	46009	1.61	1.87e+07	217
-1	44288	32011	38013	40016	46016	1.61	9.274e+06	1069
-1	39919	32010	38012	40015	46015	1.59	6.484e+06	1336
-1	44014	32011	38012	40015	46014	1.57	1.439e+07	727
-1	43997	32011	38012	40014	46013	1.56	4.515e+06	698
-1	43724	32011	38011	40013	46012	1.55	1.882e+07	438
-1	44287	32011	38013	40016	46015	1.55	1.032e+07	1448
-1	44015	32011	38012	40015	46015	1.54	1.474e+07	1061
-1	43998	32011	38012	40014	46014	1.53	2.3e+07	724
-1	47548	32012	38010	40012	46012	1.52	1.345e+07	362
-1	43146	32011	38009	40009	46010	1.52	4.347e+06	267
-1	43725	32011	38011	40013	46013	1.5	4.679e+07	487
-1	48111	32012	38012	40015	46015	1.49	8.685e+06	851
-1	43708	32011	38011	40012	46012	1.49	2.561e+07	426
-1	43162	32011	38009	40010	46010	1.47	8.042e+07	243
-1	43451	32011	38010	40012	46011	1.47	1.467e+07	536
-1	43741	32011	38011	40014	46013	1.45	1.437e+07	616
-1	48384	32012	38013	40016	46016	1.42	2.109e+07	887
-1	43435	32011	38010	40011	46011	1.4	8.473e+07	541
-1	43452	32011	38010	40012	46012	1.39	4.619e+07	422
-1	48383	32012	38013	40016	46015	1.39	4.369e+07	1183
-1	48367	32012	38013	40015	46015	1.38	3.505e+07	1261
-1	48110	32012	38012	40015	46014	1.33	4.447e+07	593
-1	47547	32012	38010	40012	46011	1.24	2.738e+07	428
-1	47821	32012	38011	40013	46013	1.24	7.955e+07	411
-1	48077	32012	38012	40013	46013	1.24	2.939e+07	432
-1	48094	32012	38012	40014	46014	1.21	6.727e+07	589
-1	52480	32013	38013	40016	46016	1.21	9.642e+06	1332
-1	47820	32012	38011	40013	46012	1.18	5.902e+07	376
-1	47787	32012	38011	40011	46011	1.18	531500	399
-1	52206	32013	38012	40015	46014	1.14	1.796e+07	918
-1	47804	32012	38011	40012	46012	1.12	1.167e+08	380
-1	51917	32013	38011	40013	46013	1.1	1.266e+07	637
-1	47803	32012	38011	40012	46011	1.09	1.521e+07	390
-1	48093	32012	38012	40014	46013	1.09	5.921e+07	564
-1	47530	32012	38010	40011	46010	1.07	1.009e+07	274
-1	52463	32013	38013	40015	46015	1.05	6.619e+07	1948
-1	52479	32013	38013	40016	46015	1.05	9.341e+07	1852
-1	47258	32012	38009	40010	46010	1.02	1.257e+07	188
-1	47531	32012	38010	40011	46011	0.961	9.537e+07	454
-1	52190	32013	38012	40014	46014	0.895	8.372e+07	956
-1	56286	32014	38012	40014	46014	0.772	6.678e+06	938
-1	47514	32012	38010	40010	46010	0.729	1.285e+07	267
-1	16916	32005	38003	40002	46004	3.35	40470	2707
-1	21028	32006	38003	40003	46004	3.31	377200	3016
-1	21284	32006	38004	40003	46004	3.27	122700	3057
-1	25413	32007	38004	40005	46005	3.08	21470	1157
-1	16932	32005	38003	40003	46004	3.07	222700	2729
-1	21607	32006	38005	40007	46007	2.66	43420	1210
-1	18075	32005	38007	40010	46011	2.63	20980	522
-1	18364	32005	38008	40012	46012	2.61	20060	464
-1	30635	32008	38008	40011	46011	2.17	187800	606
-1	34441	32009	38007	40009	46009	2.09	158400	274
-1	35567	32009	38011	40015	46015	2.06	852100	2021
-1	47837	32012	38011	40014	46013	1.67	1.709e+06	499
-1	51643	32013	38010	40012	46011	1.43	122300	651
-1	-47241	31012	37009	39009	45009	1.39	626300	169
-1	-47275	31012	37009	39011	45011	0.6	0	0
-1	-47838	31012	37011	39014	45014	2.18	12010	667
-1	-52207	31013	37012	39015	45015	4.04	21.99	1347
-1	-46985	31012	37008	39009	45009	1.96	273.6	159
-1	-17206	31005	37004	39004	45006	3.11	26700	1592
-1	-25942	31007	37006	39006	45006	3.1	31980	869
-1	-17494	31005	37005	39006	45006	3.08	17720	1063
-1	-25669	31007	37005	39005	45005	3.04	251600	1903
-1	-30022	31008	37006	39005	45006	3.02	174000	1045
-1	-17478	31005	37005	39005	45006	2.99	59630	1293
-1	-29782	31008	37005	39006	45006	2.9	359000	1034
-1	-17222	31005	37004	39005	45006	2.9	230100	1633
-1	-21590	31006	37005	39006	45006	2.9	121700	1069
-1	-21318	31006	37004	39005	45006	2.9	294200	1651
-1	-17511	31005	37005	39007	45007	2.88	35640	634
-1	-25686	31007	37005	39006	45006	2.88	689000	1040
-1	-21863	31006	37006	39007	45007	2.77	150800	519
-1	-17495	31005	37005	39006	45007	2.77	220300	629
-1	-25687	31007	37005	39006	45007	2.77	750400	609
-1	-21574	31006	37005	39005	45006	2.76	688800	1289
-1	-26216	31007	37007	39007	45008	2.74	94660	407
-1	-30038	31008	37006	39006	45006	2.72	1.362e+06	870
-1	-21847	31006	37006	39006	45007	2.7	105700	534
-1	-25670	31007	37005	39005	45006	2.69	1.96e+06	1249
-1	-17784	31005	37006	39008	45008	2.69	60860	460
-1	-29766	31008	37005	39005	45006	2.69	2.025e+06	1240
-1	-30311	31008	37007	39007	45007	2.68	180900	443
-1	-21591	31006	37005	39006	45007	2.67	765700	621
-1	-21864	31006	37006	39007	45008	2.65	606600	476
-1	-17768	31005	37006	39007	45008	2.63	142200	477
-1	-21881	31006	37006	39008	45009	2.62	195700	532
-1	-21880	31006	37006	39008	45008	2.61	189000	457
-1	-18331	31005	37008	39010	45011	2.6	26270	542
-1	-18074	31005	37007	39010	45010	2.59	44000	773
-1	-22444	31006	37008	39011	45012	2.59	71910	495
-1	-17785	31005	37006	39008	45009	2.59	106100	523
-1	-22170	31006	37007	39010	45010	2.58	89920	781
-1	-18621	31005	37009	39012	45013	2.57	18630	401
-1	-25959	31007	37006	39007	45007	2.55	1.118e+06	508
-1	-18041	31005	37007	39008	45009	2.55	14500	495
-1	-26505	31007	37008	39009	45009	2.55	44350	490
-1	-18620	31005	37009	39012	45012	2.54	16330	326
-1	-18057	31005	37007	39009	45009	2.53	31930	447
-1	-17512	31005	37005	39007	45008	2.52	91570	517
-1	-22137	31006	37007	39008	45009	2.52	265600	483
-1	-30039	31008	37006	39006	45007	2.5	3.972e+06	513
-1	-25943	31007	37006	39006	45007	2.5	1.62e+06	512
-1	-22426	31006	37008	39010	45010	2.48	113300	871
-1	-30585	31008	37008	39008	45009	2.48	24440	527
-1	-22733	31006	37009	39013	45013	2.47	64260	631
-1	-18347	31005	37008	39011	45011	2.46	32350	475
-1	-18058	31005	37007	39009	45010	2.46	78310	719
-1	-22700	31006	37009	39011	45012	2.46	32930	336
-1	-18348	31005	37008	39011	45012	2.45	33520	491
-1	-22989	31006	37010	39013	45013	2.44	49700	788
-1	-22443	31006	37008	39011	45011	2.44	143900	477
-1	-25976	31007	37006	39008	45008	2.43	356600	444
-1	-30056	31008	37006	39007	45008	2.43	1.767e+06	462
-1	-30055	31008	37006	39007	45007	2.43	3.326e+06	502
-1	-34408	31009	37007	39007	45008	2.42	7.259e+06	374
-1	-30312	31008	37007	39007	45008	2.42	2.901e+06	405
-1	-22427	31006	37008	39010	45011	2.41	172100	545
-1	-34407	31009	37007	39007	45007	2.4	4.101e+06	400
-1	-34151	31009	37006	39007	45007	2.4	2.318e+06	470
-1	-26523	31007	37008	39010	45011	2.4	509400	524
-1	-22153	31006	37007	39009	45009	2.4	220400	451
-1	-26506	31007	37008	39009	45010	2.39	520000	776
-1	-25960	31007	37006	39007	45008	2.38	1.692e+06	472
-1	-26233	31007	37007	39008	45009	2.38	1.218e+06	474
-1	-18637	31005	37009	39013	45013	2.38	23840	637
-1	-22154	31006	37007	39009	45010	2.37	278100	729
-1	-22717	31006	37009	39012	45013	2.36	59320	401
-1	-26232	31007	37007	39008	45008	2.35	764600	420
-1	-26250	31007	37007	39009	45010	2.34	436200	710
-1	-23296	31006	37011	39016	45016	2.33	30260	1613
-1	-23006	31006	37010	39014	45014	2.33	67900	907
-1	-30874	31008	37009	39010	45010	2.32	172500	595
-1	-23279	31006	37011	39015	45015	2.31	41030	1313
-1	-26813	31007	37009	39012	45013	2.3	136900	395
-1	-30328	31008	37007	39008	45008	2.29	4.54e+06	409
-1	-26812	31007	37009	39012	45012	2.28	556900	314
-1	-22716	31006	37009	39012	45012	2.28	115900	326
-1	-27358	31007	37011	39014	45014	2.26	100500	965
-1	-26796	31007	37009	39011	45012	2.26	276000	326
-1	-30892	31008	37009	39011	45012	2.26	585800	314
-1	-34424	31009	37007	39008	45008	2.25	1.181e+07	375
-1	-30329	31008	37007	39008	45009	2.23	3.616e+06	471
-1	-27648	31007	37012	39016	45016	2.22	91980	1366
-1	-26249	31007	37007	39009	45009	2.22	1.016e+06	439
-1	-27085	31007	37010	39013	45013	2.22	367700	770
-1	-31165	31008	37010	39012	45013	2.22	256300	483
-1	-27375	31007	37011	39015	45015	2.22	174400	1270
-1	-34681	31009	37008	39008	45009	2.21	4.761e+06	488
-1	-34680	31009	37008	39008	45008	2.21	858900	384
-1	-18910	31005	37010	39014	45014	2.2	21350	905
-1	-26522	31007	37008	39010	45010	2.2	880100	846
-1	-38520	31010	37007	39008	45008	2.19	6.235e+06	313
-1	-30345	31008	37007	39009	45009	2.19	1.998e+06	436
-1	-26539	31007	37008	39011	45011	2.17	466500	458
-1	-30875	31008	37009	39010	45011	2.17	514700	369
-1	-30601	31008	37008	39009	45009	2.17	2.46e+06	484
-1	-31470	31008	37011	39015	45014	2.16	156900	1234
-1	-31198	31008	37010	39014	45014	2.16	329300	863
-1	-27102	31007	37010	39014	45014	2.16	211100	879
-1	-34135	31009	37006	39006	45007	2.16	2.963e+06	459
-1	-30618	31008	37008	39010	45010	2.16	3.689e+06	826
-1	-26795	31007	37009	39011	45011	2.15	359700	368
-1	-35549	31009	37011	39014	45013	2.15	566600	640
-1	-34971	31009	37009	39010	45011	2.12	2.564e+06	341
-1	-38810	31010	37008	39010	45010	2.1	1.666e+06	646
-1	-31744	31008	37012	39016	45016	2.1	421100	1317
-1	-30619	31008	37008	39010	45011	2.1	843600	511
-1	-34697	31009	37008	39009	45009	2.1	1.41e+07	443
-1	-34425	31009	37007	39008	45009	2.09	3.432e+06	437
-1	-30602	31008	37008	39009	45010	2.08	2.375e+06	760
-1	-31471	31008	37011	39015	45015	2.08	548700	1251
-1	-31743	31008	37012	39016	45015	2.07	105600	1212
-1	-35567	31009	37011	39015	45015	2.06	856700	1131
-1	-39340	31010	37010	39011	45012	2.06	754600	336
-1	-31727	31008	37012	39015	45015	2.06	163300	1049
-1	-30908	31008	37009	39012	45012	2.05	1.416e+06	310
-1	-31181	31008	37010	39013	45013	2.03	1.409e+06	743
-1	-38794	31010	37008	39009	45010	2.03	4.209e+06	605
-1	-34698	31009	37008	39009	45010	2.02	4.856e+06	701
-1	-38776	31010	37008	39008	45008	2.01	1.024e+07	331
-1	-38777	31010	37008	39008	45009	2.01	8.705e+06	396
-1	-35839	31009	37012	39016	45015	2	526400	1089
-1	-34970	31009	37009	39010	45010	1.99	6.606e+06	543
-1	-35004	31009	37009	39012	45012	1.98	1.309e+06	291
-1	-35276	31009	37010	39013	45012	1.97	349700	603
-1	-31164	31008	37010	39012	45012	1.95	832300	442
-1	-36096	31009	37013	39016	45016	1.95	161200	1997
-1	-30891	31008	37009	39011	45011	1.95	2.746e+06	360
-1	-39612	31010	37011	39012	45012	1.94	164000	427
-1	-35566	31009	37011	39015	45014	1.94	490100	1109
-1	-35822	31009	37012	39015	45014	1.94	125800	999
-1	-39082	31010	37009	39011	45010	1.94	850100	433
-1	-35840	31009	37012	39016	45016	1.94	1.15e+06	1199
-1	-31454	31008	37011	39014	45014	1.92	741200	983
-1	-39050	31010	37009	39009	45010	1.92	4.237e+06	471
-1	-39049	31010	37009	39009	45009	1.92	2.916e+06	305
-1	-35533	31009	37011	39013	45013	1.92	1.538e+06	809
-1	-35823	31009	37012	39015	45015	1.91	1.701e+06	971
-1	-34714	31009	37008	39010	45010	1.9	6.689e+06	762
-1	-38793	31010	37008	39009	45009	1.9	3.565e+07	372
-1	-34988	31009	37009	39011	45012	1.89	799900	299
-1	-35277	31009	37010	39013	45013	1.89	3.851e+06	692
-1	-39936	31010	37012	39016	45016	1.86	1.493e+06	988
-1	-42889	31011	37008	39009	45009	1.85	1.227e+07	305
-1	-35260	31009	37010	39012	45012	1.85	7.412e+06	402
-1	-39067	31010	37009	39010	45011	1.84	3.748e+06	297
-1	-43163	31011	37009	39010	45011	1.84	791000	241
-1	-34987	31009	37009	39011	45011	1.82	1.063e+07	339
-1	-35243	31009	37010	39011	45011	1.82	399700	394
-1	-39645	31010	37011	39014	45013	1.82	3.484e+06	530
-1	-43178	31011	37009	39011	45010	1.82	2.707e+06	344
-1	-39083	31010	37009	39011	45011	1.8	2.241e+07	284
-1	-39356	31010	37010	39012	45012	1.79	2.672e+07	340
-1	-39339	31010	37010	39011	45011	1.79	1.618e+07	322
-1	-39628	31010	37011	39013	45012	1.79	1.236e+06	611
-1	-39372	31010	37010	39013	45012	1.79	1.915e+06	500
-1	-39373	31010	37010	39013	45013	1.76	3.38e+06	569
-1	-39902	31010	37012	39014	45014	1.76	2.394e+06	742
-1	-35550	31009	37011	39014	45014	1.76	3.504e+06	886
-1	-39355	31010	37010	39012	45011	1.72	1.935e+06	349
-1	-39646	31010	37011	39014	45014	1.72	8.46e+06	739
-1	-39918	31010	37012	39015	45014	1.72	2.601e+06	843
-1	-43742	31011	37011	39014	45014	1.71	5.676e+06	619
-1	-40192	31010	37013	39016	45016	1.7	2.239e+06	1633
-1	-40191	31010	37013	39016	45015	1.69	500100	1496
-1	-39066	31010	37009	39010	45010	1.67	4.279e+07	484
-1	-39935	31010	37012	39016	45015	1.66	2.362e+06	885
-1	-43418	31011	37010	39010	45010	1.66	4.2e+06	496
-1	-39629	31010	37011	39013	45013	1.64	1.451e+07	660
-1	-43179	31011	37009	39011	45011	1.63	9.67e+06	232
-1	-44031	31011	37012	39016	45015	1.63	2.38e+06	736
-1	-44271	31011	37013	39015	45015	1.63	2.308e+06	1194
-1	-43434	31011	37010	39011	45010	1.63	4.441e+06	452
-1	-43161	31011	37009	39010	45009	1.61	389000	232
-1	-43145	31011	37009	39009	45009	1.61	1.87e+07	237
-1	-44288	31011	37013	39016	45016	1.61	9.274e+06	1322
-1	-39919	31010	37012	39015	45015	1.59	6.484e+06	799
-1	-44014	31011	37012	39015	45014	1.57	1.439e+07	690
-1	-43997	31011	37012	39014	45013	1.56	4.515e+06	561
-1	-43724	31011	37011	39013	45012	1.55	1.882e+07	494
-1	-44287	31011	37013	39016	45015	1.55	1.032e+07	1228
-1	-44015	31011	37012	39015	45015	1.54	1.474e+07	674
-1	-43998	31011	37012	39014	45014	1.53	2.3e+07	612
-1	-47548	31012	37010	39012	45012	1.52	1.345e+07	250
-1	-43146	31011	37009	39009	45010	1.52	4.347e+06	373
-1	-43725	31011	37011	39013	45013	1.5	4.679e+07	556
-1	-48111	31012	37012	39015	45015	1.49	8.685e+06	534
-1	-43708	31011	37011	39012	45012	1.49	2.561e+07	347
-1	-43162	31011	37009	39010	45010	1.47	8.042e+07	386
-1	-43451	31011	37010	39012	45011	1.47	1.467e+07	292
-1	-43741	31011	37011	39014	45013	1.45	1.437e+07	436
-1	-48384	31012	37013	39016	45016	1.42	2.109e+07	1060
-1	-43435	31011	37010	39011	45011	1.4	8.473e+07	285
-1	-48366	31012	37013	39015	45014	1.4	1.142e+07	1167
-1	-43452	31011	37010	39012	45012	1.39	4.619e+07	300
-1	-48383	31012	37013	39016	45015	1.39	4.369e+07	1024
-1	-48367	31012	37013	39015	45015	1.38	3.505e+07	995
-1	-48110	31012	37012	39015	45014	1.33	4.447e+07	549
-1	-47547	31012	37010	39012	45011	1.24	2.738e+07	218
-1	-47821	31012	37011	39013	45013	1.24	7.955e+07	422
-1	-48077	31012	37012	39013	45013	1.24	2.939e+07	487
-1	-52736	31013	37014	39016	45016	1.21	2.495e+07	1384
-1	-48094	31012	37012	39014	45014	1.21	6.727e+07	491
-1	-52480	31013	37013	39016	45016	1.21	9.642e+06	1141
-1	-47820	31012	37011	39013	45012	1.18	5.902e+07	413
-1	-47787	31012	37011	39011	45011	1.18	531500	239
-1	-52206	31013	37012	39015	45014	1.14	1.796e+07	603
-1	-47804	31012	37011	39012	45012	1.12	1.167e+08	316
-1	-51917	31013	37011	39013	45013	1.1	1.266e+07	475
-1	-47803	31012	37011	39012	45011	1.09	1.521e+07	261
-1	-48093	31012	37012	39014	45013	1.09	5.921e+07	474
-1	-47530	31012	37010	39011	45010	1.07	1.009e+07	368
-1	-52463	31013	37013	39015	45015	1.05	6.619e+07	1060
-1	-52479	31013	37013	39016	45015	1.05	9.341e+07	1094
-1	-47258	31012	37009	39010	45010	1.02	1.257e+07	317
-1	-47531	31012	37010	39011	45011	0.961	9.537e+07	218
-1	-52446	31013	37013	39014	45014	0.934	1.648e+07	910
-1	-52190	31013	37012	39014	45014	0.895	8.372e+07	552
-1	-52189	31013	37012	39014	45013	0.835	1.162e+08	575
-1	-56286	31014	37012	39014	45014	0.772	6.678e+06	745
-1	-47514	31012	37010	39010	45010	0.729	1.285e+07	417
-1	-52173	31013	37012	39013	45013	0.673	9.788e+07	592
-1	-16915	31005	37003	39002	45003	3.66	28260	4899
-1	-16916	31005	37003	39002	45004	3.35	40470	3932
-1	-21028	31006	37003	39003	45004	3.31	377200	2898
-1	-21284	31006	37004	39003	45004	3.27	122700	2010
-1	-16933	31005	37003	39003	45005	3.12	33150	3717
-1	-25413	31007	37004	39005	45005	3.08	21470	2390
-1	-16932	31005	37003	39003	45004	3.07	222700	2912
-1	-17205	31005	37004	39004	45005	3.07	232900	2529
-1	-25653	31007	37005	39004	45005	3.04	272200	2198
-1	-21317	31006	37004	39005	45005	2.99	37010	2494
-1	-25397	31007	37004	39004	45005	2.92	913600	2437
-1	-16949	31005	37003	39004	45005	2.84	69570	4350
-1	-21301	31006	37004	39004	45005	2.74	738200	2529
-1	-21607	31006	37005	39007	45007	2.66	43420	627
-1	-18075	31005	37007	39010	45011	2.63	20980	484
-1	-18364	31005	37008	39012	45012	2.61	20060	474
-1	-30635	31008	37008	39011	45011	2.17	187800	445
-1	-34441	31009	37007	39009	45009	2.09	158400	403
-1	-47837	31012	37011	39014	45013	1.67	1.709e+06	340
-1	-51643	31013	37010	39012	45011	1.43	122300	241
