                  0.                0.                    0.                 0.2
                  0.                0.                    0.                 0.2
                  0.                0.                    0.                 0.2
                  0.                0.                    0.                 0.2
                  0.                0.                    0.                 0.2
                  0.                0.                    0.                 0.2
            0.143566         0.000582676          0.00739469           0.0204326
            0.143566         0.000582673         -0.00899912           0.0200372
            0.145191          0.00047452          -0.0352757           0.0248226
            0.145191         0.000474521           0.0460124            0.025659
         3.30769e-17        -4.42804e-19                   0           0.0220586
         7.34348e-15        -5.26155e-16           0.0494764           0.0220476            
           0.0793344         -0.00069653          -0.0446591            0.030008
           0.0793344        -0.000696524          -0.0488871           0.0292229
          -0.0200026         0.000300748            0.208755           0.0312516
          -0.0200026         0.000300748            0.236499           0.0311141
           -0.100093         0.000591532           0.0854999           0.0310435
           -0.100093         0.000591532            0.071555           0.0319088
           0.0278514        -1.16837e-05            -0.11031            0.025266
           0.0278514        -1.16837e-05            -0.11031           0.0249927
           0.0278514        -1.16837e-05          -0.0434893           0.0268412
           0.0278514        -1.16837e-05          -0.0434893           0.0269597
           0.0278514        -1.16837e-05           0.0259269           0.0243849
           0.0278514        -1.16837e-05           0.0259269           0.0249791
           -0.110516        -0.000405966          -0.0264019           0.0248523
           -0.110516        -0.000405966          -0.0264019            0.024668
           -0.110516        -0.000405966          -0.0698892           0.0273256
           -0.110516        -0.000405966          -0.0698892           0.0277316
           -0.110516        -0.000405965             -0.1092           0.0247366
           -0.110516        -0.000405965             -0.1092           0.0256534
