1  41  1650.0 1750.0 D0U
0   1650.0  0.3175
0   1652.5  0.3168
0   1655.0  0.3147
0   1657.5  0.3113
0   1660.0  0.3068
0   1662.5  0.3011
0   1665.0  0.2945
0   1667.5  0.2871
0   1670.0  0.2788
0   1672.5  0.2699
0   1675.0  0.2604
0   1677.5  0.2504
0   1680.0  0.2400
0   1682.5  0.2281
0   1685.0  0.2151
0   1687.5  0.2028
0   1690.0  0.1895
0   1692.5  0.1752
0   1695.0  0.1623
0   1697.5  0.1521
0   1700.0  0.1437
0   1702.5  0.1346
0   1705.0  0.1246
0   1707.5  0.1164
0   1710.0  0.1078
0   1712.5  0.0984
0   1715.0  0.0900
0   1717.5  0.0830
0   1720.0  0.0753
0   1722.5  0.0666
0   1725.0  0.0577
0   1727.5  0.0489
0   1730.0  0.0403
0   1732.5  0.0322
0   1735.0  0.0246
0   1737.5  0.0178
0   1740.0  0.0118
0   1742.5  0.0069
0   1745.0  0.0032
0   1747.5  0.0008
0   1750.0  0.0000
2  41  1650.0 1750.0 D0Up
0   1650.0  0.3175
0   1652.5  0.3165
0   1655.0  0.3136
0   1657.5  0.3091
0   1660.0  0.3034
0   1662.5  0.2969
0   1665.0  0.2898
0   1667.5  0.2825
0   1670.0  0.2752
0   1672.5  0.2684
0   1675.0  0.2624
0   1677.5  0.2574
0   1680.0  0.2534
0   1682.5  0.2460
0   1685.0  0.2337
0   1687.5  0.2219
0   1690.0  0.2085
0   1692.5  0.1948
0   1695.0  0.1832
0   1697.5  0.1718
0   1700.0  0.1598
0   1702.5  0.1495
0   1705.0  0.1412
0   1707.5  0.1308
0   1710.0  0.1198
0   1712.5  0.1100
0   1715.0  0.1018
0   1717.5  0.0950
0   1720.0  0.0882
0   1722.5  0.0804
0   1725.0  0.0717
0   1727.5  0.0623
0   1730.0  0.0526
0   1732.5  0.0429
0   1735.0  0.0334
0   1737.5  0.0245
0   1740.0  0.0165
0   1742.5  0.0098
0   1745.0  0.0045
0   1747.5  0.0012
0   1750.0  0.0000
3  41  1650.0 1750.0 D0X
0   1650.0  0.3175
0   1652.5  0.3172
0   1655.0  0.3162
0   1657.5  0.3147
0   1660.0  0.3126
0   1662.5  0.3101
0   1665.0  0.3073
0   1667.5  0.3040
0   1670.0  0.3005
0   1672.5  0.2968
0   1675.0  0.2930
0   1677.5  0.2890
0   1680.0  0.2850
0   1682.5  0.2809
0   1685.0  0.2769
0   1687.5  0.2718
0   1690.0  0.2641
0   1692.5  0.2532
0   1695.0  0.2393
0   1697.5  0.2231
0   1700.0  0.2082
0   1702.5  0.1927
0   1705.0  0.1756
0   1707.5  0.1620
0   1710.0  0.1475
0   1712.5  0.1315
0   1715.0  0.1171
0   1717.5  0.1044
0   1720.0  0.0924
0   1722.5  0.0805
0   1725.0  0.0689
0   1727.5  0.0577
0   1730.0  0.0471
0   1732.5  0.0372
0   1735.0  0.0282
0   1737.5  0.0202
0   1740.0  0.0133
0   1742.5  0.0077
0   1745.0  0.0035
0   1747.5  0.0009
0   1750.0  0.0000
4  41  1650.0 1750.0 D0Xp
0   1650.0  0.3175
0   1652.5  0.3166
0   1655.0  0.3143
0   1657.5  0.3106
0   1660.0  0.3060
0   1662.5  0.3008
0   1665.0  0.2951
0   1667.5  0.2893
0   1670.0  0.2837
0   1672.5  0.2785
0   1675.0  0.2741
0   1677.5  0.2706
0   1680.0  0.2666
0   1682.5  0.2578
0   1685.0  0.2438
0   1687.5  0.2285
0   1690.0  0.2121
0   1692.5  0.1955
0   1695.0  0.1802
0   1697.5  0.1665
0   1700.0  0.1539
0   1702.5  0.1414
0   1705.0  0.1286
0   1707.5  0.1161
0   1710.0  0.1035
0   1712.5  0.0932
0   1715.0  0.0856
0   1717.5  0.0770
0   1720.0  0.0686
0   1722.5  0.0608
0   1725.0  0.0528
0   1727.5  0.0449
0   1730.0  0.0371
0   1732.5  0.0297
0   1735.0  0.0228
0   1737.5  0.0165
0   1740.0  0.0109
0   1742.5  0.0064
0   1745.0  0.0029
0   1747.5  0.0008
0   1750.0  -0.0000
5  41  1650.0 1750.0 D0V
0   1650.0  0.3175
0   1652.5  0.3168
0   1655.0  0.3148
0   1657.5  0.3116
0   1660.0  0.3074
0   1662.5  0.3023
0   1665.0  0.2963
0   1667.5  0.2898
0   1670.0  0.2826
0   1672.5  0.2751
0   1675.0  0.2673
0   1677.5  0.2593
0   1680.0  0.2511
0   1682.5  0.2402
0   1685.0  0.2261
0   1687.5  0.2126
0   1690.0  0.1980
0   1692.5  0.1839
0   1695.0  0.1723
0   1697.5  0.1612
0   1700.0  0.1490
0   1702.5  0.1374
0   1705.0  0.1271
0   1707.5  0.1154
0   1710.0  0.1052
0   1712.5  0.0962
0   1715.0  0.0881
0   1717.5  0.0827
0   1720.0  0.0754
0   1722.5  0.0659
0   1725.0  0.0564
0   1727.5  0.0473
0   1730.0  0.0386
0   1732.5  0.0305
0   1735.0  0.0231
0   1737.5  0.0165
0   1740.0  0.0109
0   1742.5  0.0063
0   1745.0  0.0029
0   1747.5  0.0007
0   1750.0  0.0000
6  41  1650.0 1750.0 D0Vp
0   1650.0  0.3175
0   1652.5  0.3167
0   1655.0  0.3145
0   1657.5  0.3109
0   1660.0  0.3061
0   1662.5  0.3001
0   1665.0  0.2931
0   1667.5  0.2851
0   1670.0  0.2763
0   1672.5  0.2668
0   1675.0  0.2566
0   1677.5  0.2460
0   1680.0  0.2349
0   1682.5  0.2238
0   1685.0  0.2126
0   1687.5  0.2007
0   1690.0  0.1892
0   1692.5  0.1790
0   1695.0  0.1699
0   1697.5  0.1598
0   1700.0  0.1488
0   1702.5  0.1389
0   1705.0  0.1308
0   1707.5  0.1229
0   1710.0  0.1143
0   1712.5  0.1054
0   1715.0  0.0975
0   1717.5  0.0910
0   1720.0  0.0840
0   1722.5  0.0757
0   1725.0  0.0668
0   1727.5  0.0575
0   1730.0  0.0482
0   1732.5  0.0389
0   1735.0  0.0301
0   1737.5  0.0220
0   1740.0  0.0147
0   1742.5  0.0087
0   1745.0  0.0040
0   1747.5  0.0010
0   1750.0  0.0000
7  45  1530.0 1640.0 D1V
0   1530.0  0.3175
0   1532.5  0.3175
0   1535.0  0.3165
0   1537.5  0.3139
0   1540.0  0.3102
0   1542.5  0.3057
0   1545.0  0.3008
0   1547.5  0.2960
0   1550.0  0.2917
0   1552.5  0.2882
0   1555.0  0.2859
0   1557.5  0.2851
0   1560.0  0.2847
0   1562.5  0.2831
0   1565.0  0.2789
0   1567.5  0.2705
0   1570.0  0.2574
0   1572.5  0.2411
0   1575.0  0.2235
0   1577.5  0.2065
0   1580.0  0.1917
0   1582.5  0.1794
0   1585.0  0.1686
0   1587.5  0.1583
0   1590.0  0.1476
0   1592.5  0.1358
0   1595.0  0.1235
0   1597.5  0.1116
0   1600.0  0.1009
0   1602.5  0.0923
0   1605.0  0.0856
0   1607.5  0.0795
0   1610.0  0.0725
0   1612.5  0.0632
0   1615.0  0.0505
0   1617.5  0.0355
0   1620.0  0.0205
0   1622.5  0.0075
0   1625.0  0.0000
0   1627.5  0.0000
0   1630.0  0.0000
0   1632.5  0.0000
0   1635.0  0.0000
0   1637.5  0.0000
0   1640.0  0.0000
8  45  1530.0 1640.0 D1Vp
0   1530.0  0.3175
0   1532.5  0.3175
0   1535.0  0.3174
0   1537.5  0.3168
0   1540.0  0.3156
0   1542.5  0.3136
0   1545.0  0.3109
0   1547.5  0.3074
0   1550.0  0.3031
0   1552.5  0.2979
0   1555.0  0.2919
0   1557.5  0.2849
0   1560.0  0.2769
0   1562.5  0.2681
0   1565.0  0.2586
0   1567.5  0.2486
0   1570.0  0.2380
0   1572.5  0.2270
0   1575.0  0.2158
0   1577.5  0.2044
0   1580.0  0.1928
0   1582.5  0.1811
0   1585.0  0.1696
0   1587.5  0.1583
0   1590.0  0.1475
0   1592.5  0.1373
0   1595.0  0.1278
0   1597.5  0.1189
0   1600.0  0.1106
0   1602.5  0.1027
0   1605.0  0.0951
0   1607.5  0.0875
0   1610.0  0.0795
0   1612.5  0.0706
0   1615.0  0.0602
0   1617.5  0.0482
0   1620.0  0.0353
0   1622.5  0.0228
0   1625.0  0.0120
0   1627.5  0.0042
0   1630.0  0.0001
0   1632.5  0.0000
0   1635.0  0.0000
0   1637.5  0.0000
0   1640.0  0.0000
9  45  1530.0 1640.0 D1X
0   1530.0  0.3175
0   1532.5  0.3175
0   1535.0  0.3175
0   1537.5  0.3175
0   1540.0  0.3175
0   1542.5  0.3175
0   1545.0  0.3175
0   1547.5  0.3175
0   1550.0  0.3175
0   1552.5  0.3171
0   1555.0  0.3156
0   1557.5  0.3129
0   1560.0  0.3089
0   1562.5  0.3034
0   1565.0  0.2968
0   1567.5  0.2899
0   1570.0  0.2837
0   1572.5  0.2787
0   1575.0  0.2737
0   1577.5  0.2671
0   1580.0  0.2570
0   1582.5  0.2425
0   1585.0  0.2245
0   1587.5  0.2049
0   1590.0  0.1853
0   1592.5  0.1671
0   1595.0  0.1504
0   1597.5  0.1351
0   1600.0  0.1213
0   1602.5  0.1087
0   1605.0  0.0972
0   1607.5  0.0866
0   1610.0  0.0767
0   1612.5  0.0669
0   1615.0  0.0567
0   1617.5  0.0454
0   1620.0  0.0324
0   1622.5  0.0188
0   1625.0  0.0073
0   1627.5  0.0006
0   1630.0  0.0000
0   1632.5  0.0000
0   1635.0  0.0000
0   1637.5  0.0000
0   1640.0  0.0000
10  45  1530.0 1640.0 D1Xp
0   1530.0  0.3175
0   1532.5  0.3175
0   1535.0  0.3175
0   1537.5  0.3175
0   1540.0  0.3175
0   1542.5  0.3175
0   1545.0  0.3175
0   1547.5  0.3175
0   1550.0  0.3175
0   1552.5  0.3175
0   1555.0  0.3175
0   1557.5  0.3175
0   1560.0  0.3175
0   1562.5  0.3172
0   1565.0  0.3106
0   1567.5  0.3014
0   1570.0  0.2895
0   1572.5  0.2750
0   1575.0  0.2584
0   1577.5  0.2408
0   1580.0  0.2236
0   1582.5  0.2080
0   1585.0  0.1944
0   1587.5  0.1814
0   1590.0  0.1678
0   1592.5  0.1524
0   1595.0  0.1355
0   1597.5  0.1189
0   1600.0  0.1045
0   1602.5  0.0939
0   1605.0  0.0860
0   1607.5  0.0783
0   1610.0  0.0681
0   1612.5  0.0537
0   1615.0  0.0366
0   1617.5  0.0202
0   1620.0  0.0077
0   1622.5  0.0012
0   1625.0  0.0000
0   1627.5  0.0000
0   1630.0  0.0000
0   1632.5  0.0000
0   1635.0  0.0000
0   1637.5  0.0000
0   1640.0  0.0000
11  45  1530.0 1640.0 D1U
0   1530.0  0.3175
0   1532.5  0.3175
0   1535.0  0.3175
0   1537.5  0.3174
0   1540.0  0.3171
0   1542.5  0.3165
0   1545.0  0.3157
0   1547.5  0.3144
0   1550.0  0.3127
0   1552.5  0.3104
0   1555.0  0.3075
0   1557.5  0.3039
0   1560.0  0.2990
0   1562.5  0.2924
0   1565.0  0.2836
0   1567.5  0.2723
0   1570.0  0.2585
0   1572.5  0.2431
0   1575.0  0.2270
0   1577.5  0.2111
0   1580.0  0.1965
0   1582.5  0.1835
0   1585.0  0.1716
0   1587.5  0.1605
0   1590.0  0.1498
0   1592.5  0.1390
0   1595.0  0.1280
0   1597.5  0.1169
0   1600.0  0.1059
0   1602.5  0.0949
0   1605.0  0.0843
0   1607.5  0.0739
0   1610.0  0.0641
0   1612.5  0.0548
0   1615.0  0.0462
0   1617.5  0.0385
0   1620.0  0.0316
0   1622.5  0.0253
0   1625.0  0.0197
0   1627.5  0.0146
0   1630.0  0.0099
0   1632.5  0.0059
0   1635.0  0.0028
0   1637.5  0.0007
0   1640.0  0.0000
12  45  1530.0 1640.0 D1Up
0   1530.0  0.3175
0   1532.5  0.3175
0   1535.0  0.3175
0   1537.5  0.3172
0   1540.0  0.3159
0   1542.5  0.3136
0   1545.0  0.3105
0   1547.5  0.3069
0   1550.0  0.3027
0   1552.5  0.2982
0   1555.0  0.2935
0   1557.5  0.2888
0   1560.0  0.2841
0   1562.5  0.2792
0   1565.0  0.2734
0   1567.5  0.2664
0   1570.0  0.2575
0   1572.5  0.2469
0   1575.0  0.2348
0   1577.5  0.2220
0   1580.0  0.2090
0   1582.5  0.1963
0   1585.0  0.1838
0   1587.5  0.1715
0   1590.0  0.1592
0   1592.5  0.1467
0   1595.0  0.1342
0   1597.5  0.1222
0   1600.0  0.1115
0   1602.5  0.1025
0   1605.0  0.0955
0   1607.5  0.0896
0   1610.0  0.0836
0   1612.5  0.0762
0   1615.0  0.0662
0   1617.5  0.0538
0   1620.0  0.0404
0   1622.5  0.0276
0   1625.0  0.0167
0   1627.5  0.0089
0   1630.0  0.0039
0   1632.5  0.0012
0   1635.0  0.0001
0   1637.5  0.0000
0   1640.0  0.0000
13  113  1320.0 1600.0 D2V
0   1320.0  1.0105
0   1322.5  1.0105
0   1325.0  1.0104
0   1327.5  1.0103
0   1330.0  1.0101
0   1332.5  1.0098
0   1335.0  1.0095
0   1337.5  1.0091
0   1340.0  1.0087
0   1342.5  1.0082
0   1345.0  1.0077
0   1347.5  1.0070
0   1350.0  1.0063
0   1352.5  1.0056
0   1355.0  1.0048
0   1357.5  1.0039
0   1360.0  1.0029
0   1362.5  1.0019
0   1365.0  1.0008
0   1367.5  0.9996
0   1370.0  0.9984
0   1372.5  0.9970
0   1375.0  0.9956
0   1377.5  0.9941
0   1380.0  0.9926
0   1382.5  0.9909
0   1385.0  0.9892
0   1387.5  0.9874
0   1390.0  0.9855
0   1392.5  0.9835
0   1395.0  0.9815
0   1397.5  0.9793
0   1400.0  0.9771
0   1402.5  0.9748
0   1405.0  0.9724
0   1407.5  0.9699
0   1410.0  0.9673
0   1412.5  0.9646
0   1415.0  0.9618
0   1417.5  0.9588
0   1420.0  0.9555
0   1422.5  0.9519
0   1425.0  0.9478
0   1427.5  0.9433
0   1430.0  0.9381
0   1432.5  0.9323
0   1435.0  0.9258
0   1437.5  0.9185
0   1440.0  0.9102
0   1442.5  0.9010
0   1445.0  0.8908
0   1447.5  0.8796
0   1450.0  0.8675
0   1452.5  0.8546
0   1455.0  0.8410
0   1457.5  0.8267
0   1460.0  0.8118
0   1462.5  0.7963
0   1465.0  0.7804
0   1467.5  0.7642
0   1470.0  0.7476
0   1472.5  0.7308
0   1475.0  0.7138
0   1477.5  0.6966
0   1480.0  0.6793
0   1482.5  0.6619
0   1485.0  0.6442
0   1487.5  0.6264
0   1490.0  0.6084
0   1492.5  0.5901
0   1495.0  0.5717
0   1497.5  0.5530
0   1500.0  0.5341
0   1502.5  0.5150
0   1505.0  0.4956
0   1507.5  0.4760
0   1510.0  0.4563
0   1512.5  0.4365
0   1515.0  0.4167
0   1517.5  0.3970
0   1520.0  0.3775
0   1522.5  0.3581
0   1525.0  0.3391
0   1527.5  0.3204
0   1530.0  0.3022
0   1532.5  0.2844
0   1535.0  0.2673
0   1537.5  0.2507
0   1540.0  0.2347
0   1542.5  0.2192
0   1545.0  0.2043
0   1547.5  0.1897
0   1550.0  0.1756
0   1552.5  0.1618
0   1555.0  0.1484
0   1557.5  0.1353
0   1560.0  0.1224
0   1562.5  0.1097
0   1565.0  0.0972
0   1567.5  0.0848
0   1570.0  0.0727
0   1572.5  0.0611
0   1575.0  0.0501
0   1577.5  0.0397
0   1580.0  0.0303
0   1582.5  0.0219
0   1585.0  0.0146
0   1587.5  0.0086
0   1590.0  0.0041
0   1592.5  0.0012
0   1595.0  0.0000
0   1597.5  0.0000
0   1600.0  0.0000
14  113  1320.0 1600.0 D2Vp
0   1320.0  1.0105
0   1322.5  1.0104
0   1325.0  1.0100
0   1327.5  1.0094
0   1330.0  1.0086
0   1332.5  1.0076
0   1335.0  1.0064
0   1337.5  1.0051
0   1340.0  1.0037
0   1342.5  1.0022
0   1345.0  1.0006
0   1347.5  0.9990
0   1350.0  0.9974
0   1352.5  0.9957
0   1355.0  0.9941
0   1357.5  0.9925
0   1360.0  0.9909
0   1362.5  0.9895
0   1365.0  0.9881
0   1367.5  0.9869
0   1370.0  0.9858
0   1372.5  0.9849
0   1375.0  0.9842
0   1377.5  0.9837
0   1380.0  0.9835
0   1382.5  0.9835
0   1385.0  0.9837
0   1387.5  0.9841
0   1390.0  0.9846
0   1392.5  0.9850
0   1395.0  0.9854
0   1397.5  0.9857
0   1400.0  0.9858
0   1402.5  0.9857
0   1405.0  0.9852
0   1407.5  0.9843
0   1410.0  0.9829
0   1412.5  0.9810
0   1415.0  0.9785
0   1417.5  0.9754
0   1420.0  0.9717
0   1422.5  0.9674
0   1425.0  0.9624
0   1427.5  0.9568
0   1430.0  0.9504
0   1432.5  0.9433
0   1435.0  0.9355
0   1437.5  0.9270
0   1440.0  0.9177
0   1442.5  0.9076
0   1445.0  0.8967
0   1447.5  0.8850
0   1450.0  0.8727
0   1452.5  0.8598
0   1455.0  0.8462
0   1457.5  0.8322
0   1460.0  0.8176
0   1462.5  0.8025
0   1465.0  0.7871
0   1467.5  0.7713
0   1470.0  0.7551
0   1472.5  0.7387
0   1475.0  0.7221
0   1477.5  0.7053
0   1480.0  0.6882
0   1482.5  0.6709
0   1485.0  0.6534
0   1487.5  0.6356
0   1490.0  0.6177
0   1492.5  0.5996
0   1495.0  0.5812
0   1497.5  0.5627
0   1500.0  0.5439
0   1502.5  0.5250
0   1505.0  0.5058
0   1507.5  0.4866
0   1510.0  0.4673
0   1512.5  0.4480
0   1515.0  0.4287
0   1517.5  0.4095
0   1520.0  0.3905
0   1522.5  0.3718
0   1525.0  0.3533
0   1527.5  0.3351
0   1530.0  0.3174
0   1532.5  0.3001
0   1535.0  0.2833
0   1537.5  0.2669
0   1540.0  0.2510
0   1542.5  0.2355
0   1545.0  0.2203
0   1547.5  0.2054
0   1550.0  0.1908
0   1552.5  0.1763
0   1555.0  0.1619
0   1557.5  0.1477
0   1560.0  0.1335
0   1562.5  0.1193
0   1565.0  0.1050
0   1567.5  0.0909
0   1570.0  0.0771
0   1572.5  0.0638
0   1575.0  0.0512
0   1577.5  0.0396
0   1580.0  0.0290
0   1582.5  0.0198
0   1585.0  0.0121
0   1587.5  0.0061
0   1590.0  0.0020
0   1592.5  0.0001
0   1595.0  0.0000
0   1597.5  0.0000
0   1600.0  0.0000
15  113  1320.0 1600.0 D2Xp
0   1320.0  1.0415
0   1322.5  1.0412
0   1325.0  1.0403
0   1327.5  1.0390
0   1330.0  1.0371
0   1332.5  1.0349
0   1335.0  1.0323
0   1337.5  1.0293
0   1340.0  1.0261
0   1342.5  1.0227
0   1345.0  1.0191
0   1347.5  1.0153
0   1350.0  1.0115
0   1352.5  1.0077
0   1355.0  1.0039
0   1357.5  1.0001
0   1360.0  0.9965
0   1362.5  0.9930
0   1365.0  0.9897
0   1367.5  0.9867
0   1370.0  0.9840
0   1372.5  0.9816
0   1375.0  0.9797
0   1377.5  0.9782
0   1380.0  0.9772
0   1382.5  0.9767
0   1385.0  0.9766
0   1387.5  0.9769
0   1390.0  0.9773
0   1392.5  0.9778
0   1395.0  0.9782
0   1397.5  0.9784
0   1400.0  0.9783
0   1402.5  0.9778
0   1405.0  0.9766
0   1407.5  0.9748
0   1410.0  0.9722
0   1412.5  0.9686
0   1415.0  0.9641
0   1417.5  0.9587
0   1420.0  0.9526
0   1422.5  0.9456
0   1425.0  0.9380
0   1427.5  0.9297
0   1430.0  0.9207
0   1432.5  0.9112
0   1435.0  0.9012
0   1437.5  0.8907
0   1440.0  0.8797
0   1442.5  0.8684
0   1445.0  0.8567
0   1447.5  0.8447
0   1450.0  0.8323
0   1452.5  0.8196
0   1455.0  0.8065
0   1457.5  0.7931
0   1460.0  0.7794
0   1462.5  0.7654
0   1465.0  0.7511
0   1467.5  0.7365
0   1470.0  0.7216
0   1472.5  0.7064
0   1475.0  0.6910
0   1477.5  0.6752
0   1480.0  0.6592
0   1482.5  0.6429
0   1485.0  0.6262
0   1487.5  0.6092
0   1490.0  0.5919
0   1492.5  0.5743
0   1495.0  0.5563
0   1497.5  0.5380
0   1500.0  0.5193
0   1502.5  0.5002
0   1505.0  0.4809
0   1507.5  0.4613
0   1510.0  0.4416
0   1512.5  0.4217
0   1515.0  0.4019
0   1517.5  0.3822
0   1520.0  0.3626
0   1522.5  0.3432
0   1525.0  0.3242
0   1527.5  0.3055
0   1530.0  0.2872
0   1532.5  0.2695
0   1535.0  0.2523
0   1537.5  0.2356
0   1540.0  0.2193
0   1542.5  0.2035
0   1545.0  0.1881
0   1547.5  0.1730
0   1550.0  0.1584
0   1552.5  0.1440
0   1555.0  0.1300
0   1557.5  0.1163
0   1560.0  0.1028
0   1562.5  0.0896
0   1565.0  0.0768
0   1567.5  0.0644
0   1570.0  0.0527
0   1572.5  0.0418
0   1575.0  0.0319
0   1577.5  0.0230
0   1580.0  0.0154
0   1582.5  0.0091
0   1585.0  0.0044
0   1587.5  0.0013
0   1590.0  0.0000
0   1592.5  0.0000
0   1595.0  0.0000
0   1597.5  0.0000
0   1600.0  0.0000
16  113  1320.0 1600.0 D2X
0   1320.0  1.0415
0   1322.5  1.0415
0   1325.0  1.0415
0   1327.5  1.0411
0   1330.0  1.0401
0   1332.5  1.0384
0   1335.0  1.0361
0   1337.5  1.0333
0   1340.0  1.0300
0   1342.5  1.0263
0   1345.0  1.0223
0   1347.5  1.0179
0   1350.0  1.0134
0   1352.5  1.0086
0   1355.0  1.0038
0   1357.5  0.9988
0   1360.0  0.9939
0   1362.5  0.9891
0   1365.0  0.9844
0   1367.5  0.9798
0   1370.0  0.9755
0   1372.5  0.9715
0   1375.0  0.9678
0   1377.5  0.9646
0   1380.0  0.9618
0   1382.5  0.9596
0   1385.0  0.9580
0   1387.5  0.9569
0   1390.0  0.9564
0   1392.5  0.9562
0   1395.0  0.9561
0   1397.5  0.9561
0   1400.0  0.9560
0   1402.5  0.9556
0   1405.0  0.9548
0   1407.5  0.9534
0   1410.0  0.9513
0   1412.5  0.9483
0   1415.0  0.9443
0   1417.5  0.9392
0   1420.0  0.9330
0   1422.5  0.9258
0   1425.0  0.9178
0   1427.5  0.9090
0   1430.0  0.8995
0   1432.5  0.8895
0   1435.0  0.8789
0   1437.5  0.8680
0   1440.0  0.8567
0   1442.5  0.8453
0   1445.0  0.8338
0   1447.5  0.8222
0   1450.0  0.8105
0   1452.5  0.7988
0   1455.0  0.7868
0   1457.5  0.7748
0   1460.0  0.7625
0   1462.5  0.7499
0   1465.0  0.7371
0   1467.5  0.7239
0   1470.0  0.7104
0   1472.5  0.6965
0   1475.0  0.6821
0   1477.5  0.6673
0   1480.0  0.6521
0   1482.5  0.6365
0   1485.0  0.6204
0   1487.5  0.6040
0   1490.0  0.5873
0   1492.5  0.5702
0   1495.0  0.5528
0   1497.5  0.5351
0   1500.0  0.5172
0   1502.5  0.4990
0   1505.0  0.4806
0   1507.5  0.4620
0   1510.0  0.4433
0   1512.5  0.4245
0   1515.0  0.4057
0   1517.5  0.3869
0   1520.0  0.3681
0   1522.5  0.3495
0   1525.0  0.3311
0   1527.5  0.3129
0   1530.0  0.2950
0   1532.5  0.2775
0   1535.0  0.2603
0   1537.5  0.2436
0   1540.0  0.2273
0   1542.5  0.2114
0   1545.0  0.1959
0   1547.5  0.1808
0   1550.0  0.1661
0   1552.5  0.1519
0   1555.0  0.1380
0   1557.5  0.1244
0   1560.0  0.1113
0   1562.5  0.0985
0   1565.0  0.0861
0   1567.5  0.0740
0   1570.0  0.0625
0   1572.5  0.0516
0   1575.0  0.0414
0   1577.5  0.0320
0   1580.0  0.0237
0   1582.5  0.0164
0   1585.0  0.0103
0   1587.5  0.0055
0   1590.0  0.0021
0   1592.5  0.0003
0   1595.0  0.0000
0   1597.5  0.0000
0   1600.0  0.0000
17  113  1320.0 1600.0 D2U
0   1320.0  1.0105
0   1322.5  1.0105
0   1325.0  1.0105
0   1327.5  1.0105
0   1330.0  1.0105
0   1332.5  1.0102
0   1335.0  1.0095
0   1337.5  1.0083
0   1340.0  1.0067
0   1342.5  1.0047
0   1345.0  1.0025
0   1347.5  0.9999
0   1350.0  0.9972
0   1352.5  0.9943
0   1355.0  0.9913
0   1357.5  0.9882
0   1360.0  0.9851
0   1362.5  0.9821
0   1365.0  0.9791
0   1367.5  0.9762
0   1370.0  0.9735
0   1372.5  0.9710
0   1375.0  0.9688
0   1377.5  0.9669
0   1380.0  0.9653
0   1382.5  0.9642
0   1385.0  0.9635
0   1387.5  0.9634
0   1390.0  0.9637
0   1392.5  0.9645
0   1395.0  0.9657
0   1397.5  0.9669
0   1400.0  0.9682
0   1402.5  0.9694
0   1405.0  0.9702
0   1407.5  0.9707
0   1410.0  0.9705
0   1412.5  0.9696
0   1415.0  0.9678
0   1417.5  0.9649
0   1420.0  0.9609
0   1422.5  0.9559
0   1425.0  0.9497
0   1427.5  0.9426
0   1430.0  0.9347
0   1432.5  0.9258
0   1435.0  0.9162
0   1437.5  0.9059
0   1440.0  0.8950
0   1442.5  0.8835
0   1445.0  0.8714
0   1447.5  0.8590
0   1450.0  0.8461
0   1452.5  0.8328
0   1455.0  0.8191
0   1457.5  0.8050
0   1460.0  0.7905
0   1462.5  0.7755
0   1465.0  0.7601
0   1467.5  0.7443
0   1470.0  0.7281
0   1472.5  0.7114
0   1475.0  0.6943
0   1477.5  0.6767
0   1480.0  0.6588
0   1482.5  0.6405
0   1485.0  0.6219
0   1487.5  0.6030
0   1490.0  0.5839
0   1492.5  0.5646
0   1495.0  0.5452
0   1497.5  0.5256
0   1500.0  0.5061
0   1502.5  0.4865
0   1505.0  0.4670
0   1507.5  0.4476
0   1510.0  0.4282
0   1512.5  0.4090
0   1515.0  0.3900
0   1517.5  0.3711
0   1520.0  0.3524
0   1522.5  0.3339
0   1525.0  0.3156
0   1527.5  0.2976
0   1530.0  0.2798
0   1532.5  0.2624
0   1535.0  0.2452
0   1537.5  0.2284
0   1540.0  0.2119
0   1542.5  0.1958
0   1545.0  0.1801
0   1547.5  0.1648
0   1550.0  0.1499
0   1552.5  0.1355
0   1555.0  0.1215
0   1557.5  0.1080
0   1560.0  0.0950
0   1562.5  0.0826
0   1565.0  0.0707
0   1567.5  0.0594
0   1570.0  0.0488
0   1572.5  0.0391
0   1575.0  0.0302
0   1577.5  0.0223
0   1580.0  0.0154
0   1582.5  0.0097
0   1585.0  0.0052
0   1587.5  0.0021
0   1590.0  0.0003
0   1592.5  0.0000
0   1595.0  0.0000
0   1597.5  0.0000
0   1600.0  0.0000
18  113  1320.0 1600.0 D2Up
0   1320.0  1.0105
0   1322.5  1.0103
0   1325.0  1.0099
0   1327.5  1.0092
0   1330.0  1.0083
0   1332.5  1.0071
0   1335.0  1.0058
0   1337.5  1.0043
0   1340.0  1.0026
0   1342.5  1.0009
0   1345.0  0.9990
0   1347.5  0.9971
0   1350.0  0.9951
0   1352.5  0.9931
0   1355.0  0.9911
0   1357.5  0.9891
0   1360.0  0.9872
0   1362.5  0.9853
0   1365.0  0.9836
0   1367.5  0.9820
0   1370.0  0.9805
0   1372.5  0.9792
0   1375.0  0.9781
0   1377.5  0.9771
0   1380.0  0.9765
0   1382.5  0.9761
0   1385.0  0.9759
0   1387.5  0.9759
0   1390.0  0.9759
0   1392.5  0.9760
0   1395.0  0.9761
0   1397.5  0.9760
0   1400.0  0.9758
0   1402.5  0.9755
0   1405.0  0.9748
0   1407.5  0.9738
0   1410.0  0.9724
0   1412.5  0.9706
0   1415.0  0.9682
0   1417.5  0.9653
0   1420.0  0.9619
0   1422.5  0.9578
0   1425.0  0.9530
0   1427.5  0.9475
0   1430.0  0.9413
0   1432.5  0.9343
0   1435.0  0.9265
0   1437.5  0.9178
0   1440.0  0.9082
0   1442.5  0.8976
0   1445.0  0.8861
0   1447.5  0.8737
0   1450.0  0.8606
0   1452.5  0.8467
0   1455.0  0.8321
0   1457.5  0.8169
0   1460.0  0.8011
0   1462.5  0.7848
0   1465.0  0.7681
0   1467.5  0.7510
0   1470.0  0.7336
0   1472.5  0.7158
0   1475.0  0.6979
0   1477.5  0.6797
0   1480.0  0.6612
0   1482.5  0.6426
0   1485.0  0.6237
0   1487.5  0.6047
0   1490.0  0.5854
0   1492.5  0.5660
0   1495.0  0.5464
0   1497.5  0.5267
0   1500.0  0.5068
0   1502.5  0.4868
0   1505.0  0.4666
0   1507.5  0.4465
0   1510.0  0.4263
0   1512.5  0.4063
0   1515.0  0.3864
0   1517.5  0.3667
0   1520.0  0.3472
0   1522.5  0.3281
0   1525.0  0.3093
0   1527.5  0.2910
0   1530.0  0.2732
0   1532.5  0.2559
0   1535.0  0.2392
0   1537.5  0.2231
0   1540.0  0.2074
0   1542.5  0.1923
0   1545.0  0.1776
0   1547.5  0.1633
0   1550.0  0.1495
0   1552.5  0.1360
0   1555.0  0.1229
0   1557.5  0.1101
0   1560.0  0.0976
0   1562.5  0.0853
0   1565.0  0.0735
0   1567.5  0.0620
0   1570.0  0.0512
0   1572.5  0.0410
0   1575.0  0.0317
0   1577.5  0.0234
0   1580.0  0.0161
0   1582.5  0.0100
0   1585.0  0.0052
0   1587.5  0.0020
0   1590.0  0.0002
0   1592.5  0.0000
0   1595.0  0.0000
0   1597.5  0.0000
0   1600.0  0.0000
19  109  1200.0 1470.0 D3pVp
0   1200.0  1.0000
0   1202.5  0.9997
0   1205.0  0.9989
0   1207.5  0.9976
0   1210.0  0.9959
0   1212.5  0.9938
0   1215.0  0.9913
0   1217.5  0.9886
0   1220.0  0.9855
0   1222.5  0.9823
0   1225.0  0.9788
0   1227.5  0.9753
0   1230.0  0.9716
0   1232.5  0.9679
0   1235.0  0.9642
0   1237.5  0.9606
0   1240.0  0.9570
0   1242.5  0.9536
0   1245.0  0.9503
0   1247.5  0.9472
0   1250.0  0.9444
0   1252.5  0.9419
0   1255.0  0.9398
0   1257.5  0.9380
0   1260.0  0.9367
0   1262.5  0.9357
0   1265.0  0.9348
0   1267.5  0.9340
0   1270.0  0.9331
0   1272.5  0.9319
0   1275.0  0.9303
0   1277.5  0.9281
0   1280.0  0.9251
0   1282.5  0.9213
0   1285.0  0.9165
0   1287.5  0.9105
0   1290.0  0.9033
0   1292.5  0.8949
0   1295.0  0.8854
0   1297.5  0.8750
0   1300.0  0.8637
0   1302.5  0.8516
0   1305.0  0.8389
0   1307.5  0.8257
0   1310.0  0.8119
0   1312.5  0.7979
0   1315.0  0.7836
0   1317.5  0.7691
0   1320.0  0.7546
0   1322.5  0.7399
0   1325.0  0.7252
0   1327.5  0.7105
0   1330.0  0.6957
0   1332.5  0.6809
0   1335.0  0.6661
0   1337.5  0.6513
0   1340.0  0.6365
0   1342.5  0.6217
0   1345.0  0.6070
0   1347.5  0.5923
0   1350.0  0.5776
0   1352.5  0.5630
0   1355.0  0.5483
0   1357.5  0.5335
0   1360.0  0.5187
0   1362.5  0.5037
0   1365.0  0.4886
0   1367.5  0.4733
0   1370.0  0.4578
0   1372.5  0.4421
0   1375.0  0.4261
0   1377.5  0.4098
0   1380.0  0.3933
0   1382.5  0.3767
0   1385.0  0.3600
0   1387.5  0.3434
0   1390.0  0.3267
0   1392.5  0.3102
0   1395.0  0.2939
0   1397.5  0.2778
0   1400.0  0.2620
0   1402.5  0.2466
0   1405.0  0.2316
0   1407.5  0.2170
0   1410.0  0.2028
0   1412.5  0.1890
0   1415.0  0.1755
0   1417.5  0.1624
0   1420.0  0.1495
0   1422.5  0.1368
0   1425.0  0.1244
0   1427.5  0.1122
0   1430.0  0.1001
0   1432.5  0.0881
0   1435.0  0.0763
0   1437.5  0.0648
0   1440.0  0.0537
0   1442.5  0.0432
0   1445.0  0.0335
0   1447.5  0.0247
0   1450.0  0.0170
0   1452.5  0.0106
0   1455.0  0.0055
0   1457.5  0.0020
0   1460.0  0.0002
0   1462.5  0.0000
0   1465.0  0.0000
0   1467.5  0.0000
0   1470.0  0.0000
20  109  1200.0 1470.0 D3pV
0   1200.0  1.0000
0   1202.5  0.9998
0   1205.0  0.9992
0   1207.5  0.9983
0   1210.0  0.9970
0   1212.5  0.9954
0   1215.0  0.9936
0   1217.5  0.9915
0   1220.0  0.9891
0   1222.5  0.9866
0   1225.0  0.9839
0   1227.5  0.9810
0   1230.0  0.9780
0   1232.5  0.9749
0   1235.0  0.9717
0   1237.5  0.9684
0   1240.0  0.9652
0   1242.5  0.9619
0   1245.0  0.9586
0   1247.5  0.9554
0   1250.0  0.9523
0   1252.5  0.9493
0   1255.0  0.9464
0   1257.5  0.9436
0   1260.0  0.9411
0   1262.5  0.9387
0   1265.0  0.9364
0   1267.5  0.9341
0   1270.0  0.9317
0   1272.5  0.9291
0   1275.0  0.9263
0   1277.5  0.9230
0   1280.0  0.9192
0   1282.5  0.9149
0   1285.0  0.9098
0   1287.5  0.9040
0   1290.0  0.8972
0   1292.5  0.8895
0   1295.0  0.8809
0   1297.5  0.8715
0   1300.0  0.8613
0   1302.5  0.8504
0   1305.0  0.8389
0   1307.5  0.8270
0   1310.0  0.8146
0   1312.5  0.8018
0   1315.0  0.7888
0   1317.5  0.7756
0   1320.0  0.7623
0   1322.5  0.7489
0   1325.0  0.7355
0   1327.5  0.7221
0   1330.0  0.7085
0   1332.5  0.6948
0   1335.0  0.6810
0   1337.5  0.6671
0   1340.0  0.6530
0   1342.5  0.6388
0   1345.0  0.6243
0   1347.5  0.6097
0   1350.0  0.5948
0   1352.5  0.5796
0   1355.0  0.5642
0   1357.5  0.5487
0   1360.0  0.5330
0   1362.5  0.5171
0   1365.0  0.5011
0   1367.5  0.4850
0   1370.0  0.4688
0   1372.5  0.4526
0   1375.0  0.4364
0   1377.5  0.4202
0   1380.0  0.4041
0   1382.5  0.3880
0   1385.0  0.3719
0   1387.5  0.3560
0   1390.0  0.3401
0   1392.5  0.3243
0   1395.0  0.3087
0   1397.5  0.2931
0   1400.0  0.2777
0   1402.5  0.2624
0   1405.0  0.2472
0   1407.5  0.2322
0   1410.0  0.2174
0   1412.5  0.2027
0   1415.0  0.1882
0   1417.5  0.1740
0   1420.0  0.1600
0   1422.5  0.1464
0   1425.0  0.1331
0   1427.5  0.1203
0   1430.0  0.1079
0   1432.5  0.0959
0   1435.0  0.0846
0   1437.5  0.0737
0   1440.0  0.0635
0   1442.5  0.0540
0   1445.0  0.0451
0   1447.5  0.0369
0   1450.0  0.0295
0   1452.5  0.0228
0   1455.0  0.0169
0   1457.5  0.0119
0   1460.0  0.0077
0   1462.5  0.0044
0   1465.0  0.0020
0   1467.5  0.0005
0   1470.0  0.0000
21  109  1200.0 1470.0 D3pXp
0   1200.0  1.0000
0   1202.5  0.9999
0   1205.0  0.9996
0   1207.5  0.9992
0   1210.0  0.9985
0   1212.5  0.9978
0   1215.0  0.9968
0   1217.5  0.9958
0   1220.0  0.9946
0   1222.5  0.9933
0   1225.0  0.9920
0   1227.5  0.9905
0   1230.0  0.9890
0   1232.5  0.9874
0   1235.0  0.9857
0   1237.5  0.9841
0   1240.0  0.9824
0   1242.5  0.9806
0   1245.0  0.9789
0   1247.5  0.9772
0   1250.0  0.9755
0   1252.5  0.9738
0   1255.0  0.9721
0   1257.5  0.9706
0   1260.0  0.9690
0   1262.5  0.9675
0   1265.0  0.9660
0   1267.5  0.9642
0   1270.0  0.9622
0   1272.5  0.9597
0   1275.0  0.9568
0   1277.5  0.9533
0   1280.0  0.9491
0   1282.5  0.9441
0   1285.0  0.9382
0   1287.5  0.9312
0   1290.0  0.9232
0   1292.5  0.9141
0   1295.0  0.9039
0   1297.5  0.8929
0   1300.0  0.8811
0   1302.5  0.8686
0   1305.0  0.8555
0   1307.5  0.8418
0   1310.0  0.8278
0   1312.5  0.8134
0   1315.0  0.7989
0   1317.5  0.7842
0   1320.0  0.7695
0   1322.5  0.7548
0   1325.0  0.7400
0   1327.5  0.7253
0   1330.0  0.7105
0   1332.5  0.6957
0   1335.0  0.6809
0   1337.5  0.6660
0   1340.0  0.6511
0   1342.5  0.6362
0   1345.0  0.6212
0   1347.5  0.6062
0   1350.0  0.5911
0   1352.5  0.5759
0   1355.0  0.5607
0   1357.5  0.5454
0   1360.0  0.5300
0   1362.5  0.5147
0   1365.0  0.4992
0   1367.5  0.4837
0   1370.0  0.4682
0   1372.5  0.4526
0   1375.0  0.4370
0   1377.5  0.4213
0   1380.0  0.4056
0   1382.5  0.3899
0   1385.0  0.3742
0   1387.5  0.3585
0   1390.0  0.3429
0   1392.5  0.3274
0   1395.0  0.3121
0   1397.5  0.2968
0   1400.0  0.2818
0   1402.5  0.2670
0   1405.0  0.2523
0   1407.5  0.2380
0   1410.0  0.2239
0   1412.5  0.2101
0   1415.0  0.1965
0   1417.5  0.1832
0   1420.0  0.1700
0   1422.5  0.1571
0   1425.0  0.1444
0   1427.5  0.1318
0   1430.0  0.1195
0   1432.5  0.1072
0   1435.0  0.0952
0   1437.5  0.0833
0   1440.0  0.0716
0   1442.5  0.0603
0   1445.0  0.0495
0   1447.5  0.0394
0   1450.0  0.0301
0   1452.5  0.0218
0   1455.0  0.0146
0   1457.5  0.0087
0   1460.0  0.0042
0   1462.5  0.0012
0   1465.0  0.0000
0   1467.5  0.0000
0   1470.0  0.0000
22  109  1200.0 1470.0 D3pX
0   1200.0  1.0000
0   1202.5  0.9998
0   1205.0  0.9991
0   1207.5  0.9981
0   1210.0  0.9968
0   1212.5  0.9951
0   1215.0  0.9931
0   1217.5  0.9909
0   1220.0  0.9885
0   1222.5  0.9859
0   1225.0  0.9832
0   1227.5  0.9804
0   1230.0  0.9774
0   1232.5  0.9745
0   1235.0  0.9715
0   1237.5  0.9686
0   1240.0  0.9658
0   1242.5  0.9630
0   1245.0  0.9604
0   1247.5  0.9579
0   1250.0  0.9556
0   1252.5  0.9536
0   1255.0  0.9519
0   1257.5  0.9504
0   1260.0  0.9493
0   1262.5  0.9485
0   1265.0  0.9480
0   1267.5  0.9475
0   1270.0  0.9469
0   1272.5  0.9460
0   1275.0  0.9448
0   1277.5  0.9429
0   1280.0  0.9403
0   1282.5  0.9368
0   1285.0  0.9322
0   1287.5  0.9265
0   1290.0  0.9193
0   1292.5  0.9107
0   1295.0  0.9007
0   1297.5  0.8896
0   1300.0  0.8773
0   1302.5  0.8643
0   1305.0  0.8505
0   1307.5  0.8361
0   1310.0  0.8214
0   1312.5  0.8065
0   1315.0  0.7915
0   1317.5  0.7766
0   1320.0  0.7621
0   1322.5  0.7479
0   1325.0  0.7341
0   1327.5  0.7206
0   1330.0  0.7073
0   1332.5  0.6941
0   1335.0  0.6809
0   1337.5  0.6678
0   1340.0  0.6545
0   1342.5  0.6410
0   1345.0  0.6272
0   1347.5  0.6131
0   1350.0  0.5985
0   1352.5  0.5834
0   1355.0  0.5679
0   1357.5  0.5520
0   1360.0  0.5358
0   1362.5  0.5193
0   1365.0  0.5026
0   1367.5  0.4859
0   1370.0  0.4690
0   1372.5  0.4522
0   1375.0  0.4354
0   1377.5  0.4188
0   1380.0  0.4024
0   1382.5  0.3862
0   1385.0  0.3703
0   1387.5  0.3547
0   1390.0  0.3392
0   1392.5  0.3240
0   1395.0  0.3089
0   1397.5  0.2940
0   1400.0  0.2792
0   1402.5  0.2645
0   1405.0  0.2500
0   1407.5  0.2355
0   1410.0  0.2210
0   1412.5  0.2066
0   1415.0  0.1923
0   1417.5  0.1781
0   1420.0  0.1641
0   1422.5  0.1504
0   1425.0  0.1369
0   1427.5  0.1238
0   1430.0  0.1112
0   1432.5  0.0989
0   1435.0  0.0872
0   1437.5  0.0761
0   1440.0  0.0655
0   1442.5  0.0557
0   1445.0  0.0465
0   1447.5  0.0381
0   1450.0  0.0304
0   1452.5  0.0235
0   1455.0  0.0175
0   1457.5  0.0123
0   1460.0  0.0079
0   1462.5  0.0045
0   1465.0  0.0020
0   1467.5  0.0005
0   1470.0  0.0000
23  109  1200.0 1470.0 D3pUp
0   1200.0  1.0000
0   1202.5  1.0000
0   1205.0  1.0000
0   1207.5  1.0000
0   1210.0  1.0000
0   1212.5  1.0000
0   1215.0  1.0000
0   1217.5  0.9996
0   1220.0  0.9987
0   1222.5  0.9974
0   1225.0  0.9957
0   1227.5  0.9937
0   1230.0  0.9913
0   1232.5  0.9887
0   1235.0  0.9858
0   1237.5  0.9826
0   1240.0  0.9793
0   1242.5  0.9759
0   1245.0  0.9723
0   1247.5  0.9687
0   1250.0  0.9650
0   1252.5  0.9613
0   1255.0  0.9577
0   1257.5  0.9540
0   1260.0  0.9505
0   1262.5  0.9471
0   1265.0  0.9439
0   1267.5  0.9409
0   1270.0  0.9381
0   1272.5  0.9354
0   1275.0  0.9327
0   1277.5  0.9298
0   1280.0  0.9266
0   1282.5  0.9229
0   1285.0  0.9186
0   1287.5  0.9136
0   1290.0  0.9076
0   1292.5  0.9005
0   1295.0  0.8923
0   1297.5  0.8826
0   1300.0  0.8718
0   1302.5  0.8598
0   1305.0  0.8469
0   1307.5  0.8332
0   1310.0  0.8189
0   1312.5  0.8041
0   1315.0  0.7889
0   1317.5  0.7736
0   1320.0  0.7582
0   1322.5  0.7429
0   1325.0  0.7279
0   1327.5  0.7131
0   1330.0  0.6986
0   1332.5  0.6842
0   1335.0  0.6700
0   1337.5  0.6559
0   1340.0  0.6420
0   1342.5  0.6282
0   1345.0  0.6145
0   1347.5  0.6008
0   1350.0  0.5872
0   1352.5  0.5736
0   1355.0  0.5600
0   1357.5  0.5462
0   1360.0  0.5322
0   1362.5  0.5180
0   1365.0  0.5035
0   1367.5  0.4885
0   1370.0  0.4732
0   1372.5  0.4572
0   1375.0  0.4407
0   1377.5  0.4236
0   1380.0  0.4058
0   1382.5  0.3876
0   1385.0  0.3692
0   1387.5  0.3507
0   1390.0  0.3323
0   1392.5  0.3143
0   1395.0  0.2967
0   1397.5  0.2798
0   1400.0  0.2638
0   1402.5  0.2487
0   1405.0  0.2349
0   1407.5  0.2222
0   1410.0  0.2104
0   1412.5  0.1993
0   1415.0  0.1886
0   1417.5  0.1781
0   1420.0  0.1676
0   1422.5  0.1569
0   1425.0  0.1457
0   1427.5  0.1338
0   1430.0  0.1211
0   1432.5  0.1073
0   1435.0  0.0927
0   1437.5  0.0778
0   1440.0  0.0630
0   1442.5  0.0487
0   1445.0  0.0355
0   1447.5  0.0237
0   1450.0  0.0138
0   1452.5  0.0063
0   1455.0  0.0015
0   1457.5  0.0000
0   1460.0  0.0000
0   1462.5  0.0000
0   1465.0  0.0000
0   1467.5  0.0000
0   1470.0  0.0000
24  109  1200.0 1470.0 D3pU
0   1200.0  1.0000
0   1202.5  1.0000
0   1205.0  1.0000
0   1207.5  1.0000
0   1210.0  1.0000
0   1212.5  1.0000
0   1215.0  0.9999
0   1217.5  0.9991
0   1220.0  0.9977
0   1222.5  0.9957
0   1225.0  0.9933
0   1227.5  0.9903
0   1230.0  0.9870
0   1232.5  0.9833
0   1235.0  0.9793
0   1237.5  0.9751
0   1240.0  0.9708
0   1242.5  0.9663
0   1245.0  0.9617
0   1247.5  0.9571
0   1250.0  0.9525
0   1252.5  0.9481
0   1255.0  0.9438
0   1257.5  0.9397
0   1260.0  0.9358
0   1262.5  0.9323
0   1265.0  0.9292
0   1267.5  0.9265
0   1270.0  0.9242
0   1272.5  0.9225
0   1275.0  0.9211
0   1277.5  0.9199
0   1280.0  0.9186
0   1282.5  0.9170
0   1285.0  0.9149
0   1287.5  0.9121
0   1290.0  0.9083
0   1292.5  0.9034
0   1295.0  0.8971
0   1297.5  0.8891
0   1300.0  0.8794
0   1302.5  0.8678
0   1305.0  0.8546
0   1307.5  0.8401
0   1310.0  0.8246
0   1312.5  0.8082
0   1315.0  0.7913
0   1317.5  0.7741
0   1320.0  0.7568
0   1322.5  0.7398
0   1325.0  0.7233
0   1327.5  0.7075
0   1330.0  0.6926
0   1332.5  0.6786
0   1335.0  0.6652
0   1337.5  0.6523
0   1340.0  0.6397
0   1342.5  0.6273
0   1345.0  0.6148
0   1347.5  0.6022
0   1350.0  0.5892
0   1352.5  0.5756
0   1355.0  0.5614
0   1357.5  0.5464
0   1360.0  0.5305
0   1362.5  0.5139
0   1365.0  0.4968
0   1367.5  0.4792
0   1370.0  0.4614
0   1372.5  0.4434
0   1375.0  0.4255
0   1377.5  0.4076
0   1380.0  0.3901
0   1382.5  0.3730
0   1385.0  0.3564
0   1387.5  0.3405
0   1390.0  0.3251
0   1392.5  0.3103
0   1395.0  0.2958
0   1397.5  0.2818
0   1400.0  0.2679
0   1402.5  0.2543
0   1405.0  0.2408
0   1407.5  0.2273
0   1410.0  0.2138
0   1412.5  0.2001
0   1415.0  0.1863
0   1417.5  0.1724
0   1420.0  0.1584
0   1422.5  0.1445
0   1425.0  0.1308
0   1427.5  0.1173
0   1430.0  0.1043
0   1432.5  0.0917
0   1435.0  0.0797
0   1437.5  0.0684
0   1440.0  0.0579
0   1442.5  0.0482
0   1445.0  0.0395
0   1447.5  0.0318
0   1450.0  0.0249
0   1452.5  0.0189
0   1455.0  0.0138
0   1457.5  0.0095
0   1460.0  0.0060
0   1462.5  0.0034
0   1465.0  0.0015
0   1467.5  0.0004
0   1470.0  0.0000
25  85  1380.0 1590.0 D3mVp
0   1380.0  1.0000
0   1382.5  1.0000
0   1385.0  1.0000
0   1387.5  1.0000
0   1390.0  1.0000
0   1392.5  1.0000
0   1395.0  1.0000
0   1397.5  1.0000
0   1400.0  0.9996
0   1402.5  0.9979
0   1405.0  0.9948
0   1407.5  0.9904
0   1410.0  0.9848
0   1412.5  0.9782
0   1415.0  0.9704
0   1417.5  0.9618
0   1420.0  0.9522
0   1422.5  0.9418
0   1425.0  0.9306
0   1427.5  0.9188
0   1430.0  0.9064
0   1432.5  0.8934
0   1435.0  0.8800
0   1437.5  0.8663
0   1440.0  0.8522
0   1442.5  0.8378
0   1445.0  0.8232
0   1447.5  0.8080
0   1450.0  0.7923
0   1452.5  0.7758
0   1455.0  0.7585
0   1457.5  0.7402
0   1460.0  0.7209
0   1462.5  0.7004
0   1465.0  0.6788
0   1467.5  0.6566
0   1470.0  0.6339
0   1472.5  0.6112
0   1475.0  0.5888
0   1477.5  0.5670
0   1480.0  0.5461
0   1482.5  0.5264
0   1485.0  0.5081
0   1487.5  0.4909
0   1490.0  0.4746
0   1492.5  0.4587
0   1495.0  0.4431
0   1497.5  0.4275
0   1500.0  0.4114
0   1502.5  0.3947
0   1505.0  0.3772
0   1507.5  0.3589
0   1510.0  0.3403
0   1512.5  0.3214
0   1515.0  0.3028
0   1517.5  0.2845
0   1520.0  0.2670
0   1522.5  0.2505
0   1525.0  0.2352
0   1527.5  0.2212
0   1530.0  0.2083
0   1532.5  0.1961
0   1535.0  0.1846
0   1537.5  0.1733
0   1540.0  0.1622
0   1542.5  0.1510
0   1545.0  0.1393
0   1547.5  0.1272
0   1550.0  0.1148
0   1552.5  0.1022
0   1555.0  0.0897
0   1557.5  0.0774
0   1560.0  0.0655
0   1562.5  0.0543
0   1565.0  0.0439
0   1567.5  0.0345
0   1570.0  0.0262
0   1572.5  0.0189
0   1575.0  0.0128
0   1577.5  0.0078
0   1580.0  0.0041
0   1582.5  0.0015
0   1585.0  0.0002
0   1587.5  0.0000
0   1590.0  0.0000
26  85  1380.0 1590.0 D3mV
0   1380.0  1.0000
0   1382.5  1.0000
0   1385.0  1.0000
0   1387.5  1.0000
0   1390.0  0.9996
0   1392.5  0.9989
0   1395.0  0.9977
0   1397.5  0.9961
0   1400.0  0.9940
0   1402.5  0.9914
0   1405.0  0.9882
0   1407.5  0.9843
0   1410.0  0.9798
0   1412.5  0.9746
0   1415.0  0.9687
0   1417.5  0.9620
0   1420.0  0.9545
0   1422.5  0.9462
0   1425.0  0.9369
0   1427.5  0.9267
0   1430.0  0.9156
0   1432.5  0.9034
0   1435.0  0.8903
0   1437.5  0.8764
0   1440.0  0.8616
0   1442.5  0.8462
0   1445.0  0.8300
0   1447.5  0.8134
0   1450.0  0.7962
0   1452.5  0.7786
0   1455.0  0.7606
0   1457.5  0.7423
0   1460.0  0.7235
0   1462.5  0.7044
0   1465.0  0.6848
0   1467.5  0.6648
0   1470.0  0.6444
0   1472.5  0.6235
0   1475.0  0.6022
0   1477.5  0.5806
0   1480.0  0.5587
0   1482.5  0.5370
0   1485.0  0.5154
0   1487.5  0.4944
0   1490.0  0.4739
0   1492.5  0.4543
0   1495.0  0.4357
0   1497.5  0.4183
0   1500.0  0.4020
0   1502.5  0.3866
0   1505.0  0.3718
0   1507.5  0.3574
0   1510.0  0.3433
0   1512.5  0.3291
0   1515.0  0.3147
0   1517.5  0.2998
0   1520.0  0.2842
0   1522.5  0.2683
0   1525.0  0.2521
0   1527.5  0.2360
0   1530.0  0.2201
0   1532.5  0.2047
0   1535.0  0.1901
0   1537.5  0.1764
0   1540.0  0.1639
0   1542.5  0.1526
0   1545.0  0.1424
0   1547.5  0.1329
0   1550.0  0.1238
0   1552.5  0.1148
0   1555.0  0.1057
0   1557.5  0.0961
0   1560.0  0.0858
0   1562.5  0.0745
0   1565.0  0.0623
0   1567.5  0.0498
0   1570.0  0.0376
0   1572.5  0.0263
0   1575.0  0.0163
0   1577.5  0.0082
0   1580.0  0.0026
0   1582.5  0.0001
0   1585.0  0.0000
0   1587.5  0.0000
0   1590.0  0.0000
27  85  1380.0 1590.0 D3mXp
0   1380.0  1.0000
0   1382.5  0.9999
0   1385.0  0.9997
0   1387.5  0.9992
0   1390.0  0.9985
0   1392.5  0.9975
0   1395.0  0.9962
0   1397.5  0.9945
0   1400.0  0.9924
0   1402.5  0.9897
0   1405.0  0.9866
0   1407.5  0.9830
0   1410.0  0.9787
0   1412.5  0.9738
0   1415.0  0.9682
0   1417.5  0.9619
0   1420.0  0.9549
0   1422.5  0.9470
0   1425.0  0.9383
0   1427.5  0.9287
0   1430.0  0.9182
0   1432.5  0.9068
0   1435.0  0.8945
0   1437.5  0.8814
0   1440.0  0.8675
0   1442.5  0.8529
0   1445.0  0.8374
0   1447.5  0.8212
0   1450.0  0.8043
0   1452.5  0.7868
0   1455.0  0.7686
0   1457.5  0.7498
0   1460.0  0.7305
0   1462.5  0.7107
0   1465.0  0.6905
0   1467.5  0.6699
0   1470.0  0.6490
0   1472.5  0.6279
0   1475.0  0.6065
0   1477.5  0.5849
0   1480.0  0.5633
0   1482.5  0.5418
0   1485.0  0.5204
0   1487.5  0.4992
0   1490.0  0.4784
0   1492.5  0.4579
0   1495.0  0.4380
0   1497.5  0.4186
0   1500.0  0.4000
0   1502.5  0.3819
0   1505.0  0.3644
0   1507.5  0.3475
0   1510.0  0.3311
0   1512.5  0.3152
0   1515.0  0.2997
0   1517.5  0.2847
0   1520.0  0.2701
0   1522.5  0.2559
0   1525.0  0.2420
0   1527.5  0.2285
0   1530.0  0.2155
0   1532.5  0.2028
0   1535.0  0.1906
0   1537.5  0.1788
0   1540.0  0.1675
0   1542.5  0.1566
0   1545.0  0.1462
0   1547.5  0.1362
0   1550.0  0.1266
0   1552.5  0.1172
0   1555.0  0.1080
0   1557.5  0.0989
0   1560.0  0.0898
0   1562.5  0.0806
0   1565.0  0.0712
0   1567.5  0.0616
0   1570.0  0.0517
0   1572.5  0.0420
0   1575.0  0.0326
0   1577.5  0.0238
0   1580.0  0.0160
0   1582.5  0.0094
0   1585.0  0.0044
0   1587.5  0.0011
0   1590.0  0.0000
28  85  1380.0 1590.0 D3mX
0   1380.0  1.0000
0   1382.5  1.0000
0   1385.0  1.0000
0   1387.5  1.0000
0   1390.0  1.0000
0   1392.5  1.0000
0   1395.0  1.0000
0   1397.5  1.0000
0   1400.0  1.0000
0   1402.5  1.0000
0   1405.0  1.0000
0   1407.5  0.9995
0   1410.0  0.9970
0   1412.5  0.9927
0   1415.0  0.9867
0   1417.5  0.9792
0   1420.0  0.9702
0   1422.5  0.9600
0   1425.0  0.9485
0   1427.5  0.9361
0   1430.0  0.9227
0   1432.5  0.9086
0   1435.0  0.8939
0   1437.5  0.8787
0   1440.0  0.8632
0   1442.5  0.8474
0   1445.0  0.8316
0   1447.5  0.8157
0   1450.0  0.7997
0   1452.5  0.7835
0   1455.0  0.7668
0   1457.5  0.7498
0   1460.0  0.7321
0   1462.5  0.7138
0   1465.0  0.6947
0   1467.5  0.6749
0   1470.0  0.6544
0   1472.5  0.6333
0   1475.0  0.6116
0   1477.5  0.5896
0   1480.0  0.5671
0   1482.5  0.5444
0   1485.0  0.5214
0   1487.5  0.4985
0   1490.0  0.4759
0   1492.5  0.4539
0   1495.0  0.4327
0   1497.5  0.4125
0   1500.0  0.3937
0   1502.5  0.3764
0   1505.0  0.3607
0   1507.5  0.3462
0   1510.0  0.3326
0   1512.5  0.3193
0   1515.0  0.3060
0   1517.5  0.2923
0   1520.0  0.2778
0   1522.5  0.2622
0   1525.0  0.2455
0   1527.5  0.2283
0   1530.0  0.2111
0   1532.5  0.1942
0   1535.0  0.1782
0   1537.5  0.1635
0   1540.0  0.1507
0   1542.5  0.1399
0   1545.0  0.1308
0   1547.5  0.1227
0   1550.0  0.1152
0   1552.5  0.1076
0   1555.0  0.0993
0   1557.5  0.0898
0   1560.0  0.0784
0   1562.5  0.0651
0   1565.0  0.0509
0   1567.5  0.0368
0   1570.0  0.0237
0   1572.5  0.0126
0   1575.0  0.0045
0   1577.5  0.0003
0   1580.0  0.0000
0   1582.5  0.0000
0   1585.0  0.0000
0   1587.5  0.0000
0   1590.0  0.0000
29  85  1380.0 1590.0 D3mUp
0   1380.0  1.0000
0   1382.5  0.9999
0   1385.0  0.9995
0   1387.5  0.9987
0   1390.0  0.9977
0   1392.5  0.9962
0   1395.0  0.9944
0   1397.5  0.9921
0   1400.0  0.9894
0   1402.5  0.9862
0   1405.0  0.9824
0   1407.5  0.9781
0   1410.0  0.9732
0   1412.5  0.9677
0   1415.0  0.9616
0   1417.5  0.9548
0   1420.0  0.9473
0   1422.5  0.9390
0   1425.0  0.9300
0   1427.5  0.9201
0   1430.0  0.9095
0   1432.5  0.8981
0   1435.0  0.8859
0   1437.5  0.8730
0   1440.0  0.8593
0   1442.5  0.8449
0   1445.0  0.8297
0   1447.5  0.8138
0   1450.0  0.7973
0   1452.5  0.7801
0   1455.0  0.7622
0   1457.5  0.7438
0   1460.0  0.7249
0   1462.5  0.7055
0   1465.0  0.6857
0   1467.5  0.6655
0   1470.0  0.6450
0   1472.5  0.6243
0   1475.0  0.6033
0   1477.5  0.5822
0   1480.0  0.5610
0   1482.5  0.5397
0   1485.0  0.5185
0   1487.5  0.4973
0   1490.0  0.4762
0   1492.5  0.4554
0   1495.0  0.4347
0   1497.5  0.4144
0   1500.0  0.3944
0   1502.5  0.3749
0   1505.0  0.3558
0   1507.5  0.3372
0   1510.0  0.3193
0   1512.5  0.3021
0   1515.0  0.2856
0   1517.5  0.2698
0   1520.0  0.2550
0   1522.5  0.2409
0   1525.0  0.2276
0   1527.5  0.2148
0   1530.0  0.2025
0   1532.5  0.1905
0   1535.0  0.1788
0   1537.5  0.1671
0   1540.0  0.1555
0   1542.5  0.1437
0   1545.0  0.1318
0   1547.5  0.1198
0   1550.0  0.1079
0   1552.5  0.0962
0   1555.0  0.0847
0   1557.5  0.0736
0   1560.0  0.0630
0   1562.5  0.0530
0   1565.0  0.0436
0   1567.5  0.0350
0   1570.0  0.0272
0   1572.5  0.0203
0   1575.0  0.0143
0   1577.5  0.0093
0   1580.0  0.0053
0   1582.5  0.0024
0   1585.0  0.0006
0   1587.5  0.0000
0   1590.0  0.0000
30  85  1380.0 1590.0 D3mU
0   1380.0  1.0000
0   1382.5  0.9999
0   1385.0  0.9995
0   1387.5  0.9989
0   1390.0  0.9979
0   1392.5  0.9966
0   1395.0  0.9950
0   1397.5  0.9929
0   1400.0  0.9904
0   1402.5  0.9875
0   1405.0  0.9841
0   1407.5  0.9801
0   1410.0  0.9756
0   1412.5  0.9706
0   1415.0  0.9649
0   1417.5  0.9586
0   1420.0  0.9517
0   1422.5  0.9440
0   1425.0  0.9357
0   1427.5  0.9266
0   1430.0  0.9166
0   1432.5  0.9058
0   1435.0  0.8940
0   1437.5  0.8811
0   1440.0  0.8671
0   1442.5  0.8519
0   1445.0  0.8354
0   1447.5  0.8176
0   1450.0  0.7984
0   1452.5  0.7779
0   1455.0  0.7565
0   1457.5  0.7344
0   1460.0  0.7119
0   1462.5  0.6893
0   1465.0  0.6669
0   1467.5  0.6450
0   1470.0  0.6238
0   1472.5  0.6037
0   1475.0  0.5844
0   1477.5  0.5660
0   1480.0  0.5480
0   1482.5  0.5304
0   1485.0  0.5129
0   1487.5  0.4954
0   1490.0  0.4775
0   1492.5  0.4592
0   1495.0  0.4401
0   1497.5  0.4204
0   1500.0  0.4003
0   1502.5  0.3800
0   1505.0  0.3597
0   1507.5  0.3397
0   1510.0  0.3201
0   1512.5  0.3011
0   1515.0  0.2831
0   1517.5  0.2661
0   1520.0  0.2503
0   1522.5  0.2355
0   1525.0  0.2215
0   1527.5  0.2083
0   1530.0  0.1957
0   1532.5  0.1836
0   1535.0  0.1719
0   1537.5  0.1605
0   1540.0  0.1492
0   1542.5  0.1379
0   1545.0  0.1268
0   1547.5  0.1157
0   1550.0  0.1048
0   1552.5  0.0941
0   1555.0  0.0835
0   1557.5  0.0731
0   1560.0  0.0629
0   1562.5  0.0529
0   1565.0  0.0432
0   1567.5  0.0340
0   1570.0  0.0255
0   1572.5  0.0180
0   1575.0  0.0115
0   1577.5  0.0062
0   1580.0  0.0025
0   1582.5  0.0004
0   1585.0  0.0000
0   1587.5  0.0000
0   1590.0  0.0000
47  132  400  1060  P1Y1
0  402.5  2.38125
0  407.5  2.38052
0  412.5  2.37986
0  417.5  2.37901
0  422.5  2.37797
0  427.5  2.37704
0  432.5  2.37583
0  437.5  2.37415
0  442.5  2.37223
0  447.5  2.3701
0  452.5  2.36768
0  457.5  2.36544
0  462.5  2.36234
0  467.5  2.35942
0  472.5  2.35652
0  477.5  2.35352
0  482.5  2.35005
0  487.5  2.34665
0  492.5  2.34264
0  497.5  2.33899
0  502.5  2.33443
0  507.5  2.32678
0  512.5  2.31981
0  517.5  2.31251
0  522.5  2.30434
0  527.5  2.29623
0  532.5  2.28717
0  537.5  2.27818
0  542.5  2.26856
0  547.5  2.25942
0  552.5  2.24958
0  557.5  2.23915
0  562.5  2.22741
0  567.5  2.21776
0  572.5  2.20649
0  577.5  2.19445
0  582.5  2.1818
0  587.5  2.17008
0  592.5  2.15889
0  597.5  2.14683
0  602.5  2.13343
0  607.5  2.12094
0  612.5  2.1077
0  617.5  2.09455
0  622.5  2.08047
0  627.5  2.06627
0  632.5  2.05184
0  637.5  2.03865
0  642.5  2.02412
0  647.5  2.00989
0  652.5  1.99586
0  657.5  1.98203
0  662.5  1.96672
0  667.5  1.95282
0  672.5  1.93757
0  677.5  1.92299
0  682.5  1.90566
0  687.5  1.89174
0  692.5  1.87703
0  697.5  1.86142
0  702.5  1.84547
0  707.5  1.82893
0  712.5  1.81185
0  717.5  1.79539
0  722.5  1.77778
0  727.5  1.76016
0  732.5  1.74407
0  737.5  1.72604
0  742.5  1.70604
0  747.5  1.68819
0  752.5  1.67071
0  757.5  1.65233
0  762.5  1.63203
0  767.5  1.6143
0  772.5  1.59602
0  777.5  1.5769
0  782.5  1.55462
0  787.5  1.53505
0  792.5  1.51458
0  797.5  1.49348
0  802.5  1.47043
0  807.5  1.44895
0  812.5  1.42727
0  817.5  1.40519
0  822.5  1.38023
0  827.5  1.35589
0  832.5  1.33158
0  837.5  1.30713
0  842.5  1.27933
0  847.5  1.25399
0  852.5  1.22809
0  857.5  1.20033
0  862.5  1.16774
0  867.5  1.13889
0  872.5  1.10991
0  877.5  1.08012
0  882.5  1.04445
0  887.5  1.0128
0  892.5  0.977951
0  897.5  0.941908
0  902.5  0.90341
0  907.5  0.865576
0  912.5  0.825419
0  917.5  0.784981
0  922.5  0.739384
0  927.5  0.695596
0  932.5  0.64975
0  937.5  0.60072
0  942.5  0.546
0  947.5  0.496572
0  952.5  0.44517
0  957.5  0.394896
0  962.5  0.341487
0  967.5  0.295707
0  972.5  0.252184
0  977.5  0.212691
0  982.5  0.174774
0  987.5  0.144503
0  992.5  0.117566
0  997.5  0.0948426
0  1002.5  0.0752538
0  1007.5  0.0609892
0  1012.5  0.04908
0  1017.5  0.0394099
0  1022.5  0.0305029
0  1027.5  0.023719
0  1032.5  0.0189254
0  1037.5  0.0148451
0  1042.5  0.0106652
0  1047.5  0.00774598
0  1052.5  0.00484331
0  1057.5  0.00270363
48  132  400  1060  P1Y2
0  402.5  2.38125
0  407.5  2.38052
0  412.5  2.37986
0  417.5  2.37901
0  422.5  2.37797
0  427.5  2.37704
0  432.5  2.37583
0  437.5  2.37415
0  442.5  2.37223
0  447.5  2.3701
0  452.5  2.36768
0  457.5  2.36544
0  462.5  2.36234
0  467.5  2.35942
0  472.5  2.35652
0  477.5  2.35352
0  482.5  2.35005
0  487.5  2.34665
0  492.5  2.34264
0  497.5  2.33899
0  502.5  2.33443
0  507.5  2.32678
0  512.5  2.31981
0  517.5  2.31251
0  522.5  2.30434
0  527.5  2.29623
0  532.5  2.28717
0  537.5  2.27818
0  542.5  2.26856
0  547.5  2.25942
0  552.5  2.24958
0  557.5  2.23915
0  562.5  2.22741
0  567.5  2.21776
0  572.5  2.20649
0  577.5  2.19445
0  582.5  2.1818
0  587.5  2.17008
0  592.5  2.15889
0  597.5  2.14683
0  602.5  2.13343
0  607.5  2.12094
0  612.5  2.1077
0  617.5  2.09455
0  622.5  2.08047
0  627.5  2.06627
0  632.5  2.05184
0  637.5  2.03865
0  642.5  2.02412
0  647.5  2.00989
0  652.5  1.99586
0  657.5  1.98203
0  662.5  1.96672
0  667.5  1.95282
0  672.5  1.93757
0  677.5  1.92299
0  682.5  1.90566
0  687.5  1.89174
0  692.5  1.87703
0  697.5  1.86142
0  702.5  1.84547
0  707.5  1.82893
0  712.5  1.81185
0  717.5  1.79539
0  722.5  1.77778
0  727.5  1.76016
0  732.5  1.74407
0  737.5  1.72604
0  742.5  1.70604
0  747.5  1.68819
0  752.5  1.67071
0  757.5  1.65233
0  762.5  1.63203
0  767.5  1.6143
0  772.5  1.59602
0  777.5  1.5769
0  782.5  1.55462
0  787.5  1.53505
0  792.5  1.51458
0  797.5  1.49348
0  802.5  1.47043
0  807.5  1.44895
0  812.5  1.42727
0  817.5  1.40519
0  822.5  1.38023
0  827.5  1.35589
0  832.5  1.33158
0  837.5  1.30713
0  842.5  1.27933
0  847.5  1.25399
0  852.5  1.22809
0  857.5  1.20033
0  862.5  1.16774
0  867.5  1.13889
0  872.5  1.10991
0  877.5  1.08012
0  882.5  1.04445
0  887.5  1.0128
0  892.5  0.977951
0  897.5  0.941908
0  902.5  0.90341
0  907.5  0.865576
0  912.5  0.825419
0  917.5  0.784981
0  922.5  0.739384
0  927.5  0.695596
0  932.5  0.64975
0  937.5  0.60072
0  942.5  0.546
0  947.5  0.496572
0  952.5  0.44517
0  957.5  0.394896
0  962.5  0.341487
0  967.5  0.295707
0  972.5  0.252184
0  977.5  0.212691
0  982.5  0.174774
0  987.5  0.144503
0  992.5  0.117566
0  997.5  0.0948426
0  1002.5  0.0752538
0  1007.5  0.0609892
0  1012.5  0.04908
0  1017.5  0.0394099
0  1022.5  0.0305029
0  1027.5  0.023719
0  1032.5  0.0189254
0  1037.5  0.0148451
0  1042.5  0.0106652
0  1047.5  0.00774598
0  1052.5  0.00484331
0  1057.5  0.00270363
49  132  400  1060  P1X1
0  402.5  2.38125
0  407.5  2.38087
0  412.5  2.3804
0  417.5  2.38002
0  422.5  2.37964
0  427.5  2.37929
0  432.5  2.37884
0  437.5  2.37846
0  442.5  2.37799
0  447.5  2.37751
0  452.5  2.37688
0  457.5  2.37631
0  462.5  2.37571
0  467.5  2.37504
0  472.5  2.37428
0  477.5  2.37352
0  482.5  2.37243
0  487.5  2.37135
0  492.5  2.37
0  497.5  2.36862
0  502.5  2.36711
0  507.5  2.36408
0  512.5  2.36075
0  517.5  2.3572
0  522.5  2.35328
0  527.5  2.34886
0  532.5  2.3438
0  537.5  2.33805
0  542.5  2.33048
0  547.5  2.32373
0  552.5  2.31559
0  557.5  2.30714
0  562.5  2.29738
0  567.5  2.28768
0  572.5  2.27776
0  577.5  2.26672
0  582.5  2.25334
0  587.5  2.24141
0  592.5  2.22944
0  597.5  2.21726
0  602.5  2.20291
0  607.5  2.18993
0  612.5  2.17646
0  617.5  2.16302
0  622.5  2.1477
0  627.5  2.13359
0  632.5  2.1186
0  637.5  2.10446
0  642.5  2.08787
0  647.5  2.07306
0  652.5  2.05747
0  657.5  2.04274
0  662.5  2.02517
0  667.5  2.00837
0  672.5  1.99256
0  677.5  1.97621
0  682.5  1.95838
0  687.5  1.94142
0  692.5  1.92424
0  697.5  1.90765
0  702.5  1.88947
0  707.5  1.87208
0  712.5  1.85507
0  717.5  1.83674
0  722.5  1.81697
0  727.5  1.79858
0  732.5  1.77962
0  737.5  1.76097
0  742.5  1.73912
0  747.5  1.71918
0  752.5  1.69963
0  757.5  1.68059
0  762.5  1.65866
0  767.5  1.63844
0  772.5  1.61649
0  777.5  1.59448
0  782.5  1.57098
0  787.5  1.54869
0  792.5  1.52644
0  797.5  1.50347
0  802.5  1.4779
0  807.5  1.45497
0  812.5  1.43034
0  817.5  1.40618
0  822.5  1.3784
0  827.5  1.35391
0  832.5  1.32788
0  837.5  1.30088
0  842.5  1.27166
0  847.5  1.24322
0  852.5  1.21479
0  857.5  1.18526
0  862.5  1.15267
0  867.5  1.12227
0  872.5  1.09127
0  877.5  1.05938
0  882.5  1.02387
0  887.5  0.989698
0  892.5  0.954073
0  897.5  0.91778
0  902.5  0.875731
0  907.5  0.837206
0  912.5  0.797678
0  917.5  0.756662
0  922.5  0.710119
0  927.5  0.665063
0  932.5  0.61975
0  937.5  0.572493
0  942.5  0.520573
0  947.5  0.470993
0  952.5  0.420471
0  957.5  0.369022
0  962.5  0.312973
0  967.5  0.263893
0  972.5  0.221009
0  977.5  0.181375
0  982.5  0.145629
0  987.5  0.118082
0  992.5  0.093254
0  997.5  0.0729055
0  1002.5  0.0557763
0  1007.5  0.0434912
0  1012.5  0.0333321
0  1017.5  0.0253749
0  1022.5  0.0178885
0  1027.5  0.0129988
0  1032.5  0.00882276
0  1037.5  0.00549714
0  1042.5  0.00369007
0  1047.5  0.0027182
0  1052.5  0.00182226
0  1057.5  0.000987056
50  132  400  1060  P1X2
0  402.5  2.38125
0  407.5  2.38087
0  412.5  2.3804
0  417.5  2.38002
0  422.5  2.37964
0  427.5  2.37929
0  432.5  2.37884
0  437.5  2.37846
0  442.5  2.37799
0  447.5  2.37751
0  452.5  2.37688
0  457.5  2.37631
0  462.5  2.37571
0  467.5  2.37504
0  472.5  2.37428
0  477.5  2.37352
0  482.5  2.37243
0  487.5  2.37135
0  492.5  2.37
0  497.5  2.36862
0  502.5  2.36711
0  507.5  2.36408
0  512.5  2.36075
0  517.5  2.3572
0  522.5  2.35328
0  527.5  2.34886
0  532.5  2.3438
0  537.5  2.33805
0  542.5  2.33048
0  547.5  2.32373
0  552.5  2.31559
0  557.5  2.30714
0  562.5  2.29738
0  567.5  2.28768
0  572.5  2.27776
0  577.5  2.26672
0  582.5  2.25334
0  587.5  2.24141
0  592.5  2.22944
0  597.5  2.21726
0  602.5  2.20291
0  607.5  2.18993
0  612.5  2.17646
0  617.5  2.16302
0  622.5  2.1477
0  627.5  2.13359
0  632.5  2.1186
0  637.5  2.10446
0  642.5  2.08787
0  647.5  2.07306
0  652.5  2.05747
0  657.5  2.04274
0  662.5  2.02517
0  667.5  2.00837
0  672.5  1.99256
0  677.5  1.97621
0  682.5  1.95838
0  687.5  1.94142
0  692.5  1.92424
0  697.5  1.90765
0  702.5  1.88947
0  707.5  1.87208
0  712.5  1.85507
0  717.5  1.83674
0  722.5  1.81697
0  727.5  1.79858
0  732.5  1.77962
0  737.5  1.76097
0  742.5  1.73912
0  747.5  1.71918
0  752.5  1.69963
0  757.5  1.68059
0  762.5  1.65866
0  767.5  1.63844
0  772.5  1.61649
0  777.5  1.59448
0  782.5  1.57098
0  787.5  1.54869
0  792.5  1.52644
0  797.5  1.50347
0  802.5  1.4779
0  807.5  1.45497
0  812.5  1.43034
0  817.5  1.40618
0  822.5  1.3784
0  827.5  1.35391
0  832.5  1.32788
0  837.5  1.30088
0  842.5  1.27166
0  847.5  1.24322
0  852.5  1.21479
0  857.5  1.18526
0  862.5  1.15267
0  867.5  1.12227
0  872.5  1.09127
0  877.5  1.05938
0  882.5  1.02387
0  887.5  0.989698
0  892.5  0.954073
0  897.5  0.91778
0  902.5  0.875731
0  907.5  0.837206
0  912.5  0.797678
0  917.5  0.756662
0  922.5  0.710119
0  927.5  0.665063
0  932.5  0.61975
0  937.5  0.572493
0  942.5  0.520573
0  947.5  0.470993
0  952.5  0.420471
0  957.5  0.369022
0  962.5  0.312973
0  967.5  0.263893
0  972.5  0.221009
0  977.5  0.181375
0  982.5  0.145629
0  987.5  0.118082
0  992.5  0.093254
0  997.5  0.0729055
0  1002.5  0.0557763
0  1007.5  0.0434912
0  1012.5  0.0333321
0  1017.5  0.0253749
0  1022.5  0.0178885
0  1027.5  0.0129988
0  1032.5  0.00882276
0  1037.5  0.00549714
0  1042.5  0.00369007
0  1047.5  0.0027182
0  1052.5  0.00182226
0  1057.5  0.000987056
51  132  400  1060  P2X1
0  402.5  2.38125
0  407.5  2.38084
0  412.5  2.38034
0  417.5  2.37997
0  422.5  2.3795
0  427.5  2.37883
0  432.5  2.37825
0  437.5  2.37755
0  442.5  2.37663
0  447.5  2.37573
0  452.5  2.37485
0  457.5  2.37364
0  462.5  2.37242
0  467.5  2.37093
0  472.5  2.36947
0  477.5  2.36806
0  482.5  2.36599
0  487.5  2.36425
0  492.5  2.36192
0  497.5  2.35963
0  502.5  2.35715
0  507.5  2.3523
0  512.5  2.34698
0  517.5  2.34142
0  522.5  2.3344
0  527.5  2.3277
0  532.5  2.32073
0  537.5  2.31271
0  542.5  2.30365
0  547.5  2.29445
0  552.5  2.28472
0  557.5  2.27477
0  562.5  2.26281
0  567.5  2.25211
0  572.5  2.24065
0  577.5  2.22854
0  582.5  2.21476
0  587.5  2.20186
0  592.5  2.18939
0  597.5  2.1763
0  602.5  2.16226
0  607.5  2.14912
0  612.5  2.13511
0  617.5  2.12053
0  622.5  2.10533
0  627.5  2.09164
0  632.5  2.07724
0  637.5  2.06231
0  642.5  2.0458
0  647.5  2.03039
0  652.5  2.01632
0  657.5  2.00101
0  662.5  1.98396
0  667.5  1.96809
0  672.5  1.95229
0  677.5  1.93615
0  682.5  1.91845
0  687.5  1.90163
0  692.5  1.88528
0  697.5  1.86877
0  702.5  1.85067
0  707.5  1.83354
0  712.5  1.81639
0  717.5  1.79827
0  722.5  1.77878
0  727.5  1.7603
0  732.5  1.7424
0  737.5  1.72344
0  742.5  1.70255
0  747.5  1.68249
0  752.5  1.66276
0  757.5  1.64319
0  762.5  1.62241
0  767.5  1.60224
0  772.5  1.5816
0  777.5  1.56058
0  782.5  1.53699
0  787.5  1.51449
0  792.5  1.49205
0  797.5  1.46903
0  802.5  1.44469
0  807.5  1.42055
0  812.5  1.3965
0  817.5  1.37171
0  822.5  1.34354
0  827.5  1.3186
0  832.5  1.29248
0  837.5  1.26568
0  842.5  1.23562
0  847.5  1.20667
0  852.5  1.17723
0  857.5  1.14702
0  862.5  1.11217
0  867.5  1.08011
0  872.5  1.04782
0  877.5  1.01256
0  882.5  0.97437
0  887.5  0.937767
0  892.5  0.900189
0  897.5  0.860278
0  902.5  0.816145
0  907.5  0.773856
0  912.5  0.728106
0  917.5  0.683225
0  922.5  0.630326
0  927.5  0.581466
0  932.5  0.530915
0  937.5  0.477893
0  942.5  0.419064
0  947.5  0.364869
0  952.5  0.311192
0  957.5  0.26032
0  962.5  0.210195
0  967.5  0.169751
0  972.5  0.134581
0  977.5  0.106195
0  982.5  0.0813157
0  987.5  0.0633116
0  992.5  0.0494846
0  997.5  0.0390571
0  1002.5  0.0296511
0  1007.5  0.0234922
0  1012.5  0.0185986
0  1017.5  0.0147569
0  1022.5  0.0108543
0  1027.5  0.00812547
0  1032.5  0.00618938
0  1037.5  0.00486309
0  1042.5  0.00373497
0  1047.5  0.00275931
0  1052.5  0.00184462
0  1057.5  0.000990911
52  132  400  1060  P2X2
0  402.5  2.38125
0  407.5  2.38084
0  412.5  2.38034
0  417.5  2.37997
0  422.5  2.3795
0  427.5  2.37883
0  432.5  2.37825
0  437.5  2.37755
0  442.5  2.37663
0  447.5  2.37573
0  452.5  2.37485
0  457.5  2.37364
0  462.5  2.37242
0  467.5  2.37093
0  472.5  2.36947
0  477.5  2.36806
0  482.5  2.36599
0  487.5  2.36425
0  492.5  2.36192
0  497.5  2.35963
0  502.5  2.35715
0  507.5  2.3523
0  512.5  2.34698
0  517.5  2.34142
0  522.5  2.3344
0  527.5  2.3277
0  532.5  2.32073
0  537.5  2.31271
0  542.5  2.30365
0  547.5  2.29445
0  552.5  2.28472
0  557.5  2.27477
0  562.5  2.26281
0  567.5  2.25211
0  572.5  2.24065
0  577.5  2.22854
0  582.5  2.21476
0  587.5  2.20186
0  592.5  2.18939
0  597.5  2.1763
0  602.5  2.16226
0  607.5  2.14912
0  612.5  2.13511
0  617.5  2.12053
0  622.5  2.10533
0  627.5  2.09164
0  632.5  2.07724
0  637.5  2.06231
0  642.5  2.0458
0  647.5  2.03039
0  652.5  2.01632
0  657.5  2.00101
0  662.5  1.98396
0  667.5  1.96809
0  672.5  1.95229
0  677.5  1.93615
0  682.5  1.91845
0  687.5  1.90163
0  692.5  1.88528
0  697.5  1.86877
0  702.5  1.85067
0  707.5  1.83354
0  712.5  1.81639
0  717.5  1.79827
0  722.5  1.77878
0  727.5  1.7603
0  732.5  1.7424
0  737.5  1.72344
0  742.5  1.70255
0  747.5  1.68249
0  752.5  1.66276
0  757.5  1.64319
0  762.5  1.62241
0  767.5  1.60224
0  772.5  1.5816
0  777.5  1.56058
0  782.5  1.53699
0  787.5  1.51449
0  792.5  1.49205
0  797.5  1.46903
0  802.5  1.44469
0  807.5  1.42055
0  812.5  1.3965
0  817.5  1.37171
0  822.5  1.34354
0  827.5  1.3186
0  832.5  1.29248
0  837.5  1.26568
0  842.5  1.23562
0  847.5  1.20667
0  852.5  1.17723
0  857.5  1.14702
0  862.5  1.11217
0  867.5  1.08011
0  872.5  1.04782
0  877.5  1.01256
0  882.5  0.97437
0  887.5  0.937767
0  892.5  0.900189
0  897.5  0.860278
0  902.5  0.816145
0  907.5  0.773856
0  912.5  0.728106
0  917.5  0.683225
0  922.5  0.630326
0  927.5  0.581466
0  932.5  0.530915
0  937.5  0.477893
0  942.5  0.419064
0  947.5  0.364869
0  952.5  0.311192
0  957.5  0.26032
0  962.5  0.210195
0  967.5  0.169751
0  972.5  0.134581
0  977.5  0.106195
0  982.5  0.0813157
0  987.5  0.0633116
0  992.5  0.0494846
0  997.5  0.0390571
0  1002.5  0.0296511
0  1007.5  0.0234922
0  1012.5  0.0185986
0  1017.5  0.0147569
0  1022.5  0.0108543
0  1027.5  0.00812547
0  1032.5  0.00618938
0  1037.5  0.00486309
0  1042.5  0.00373497
0  1047.5  0.00275931
0  1052.5  0.00184462
0  1057.5  0.000990911
53  132  400  1060  P2Y1
0  402.5  2.38125
0  407.5  2.38077
0  412.5  2.38026
0  417.5  2.3798
0  422.5  2.37934
0  427.5  2.37876
0  432.5  2.37814
0  437.5  2.37741
0  442.5  2.37664
0  447.5  2.37585
0  452.5  2.37507
0  457.5  2.37411
0  462.5  2.37277
0  467.5  2.37174
0  472.5  2.37051
0  477.5  2.36917
0  482.5  2.36739
0  487.5  2.36565
0  492.5  2.36382
0  497.5  2.36206
0  502.5  2.35964
0  507.5  2.35588
0  512.5  2.35068
0  517.5  2.34609
0  522.5  2.34012
0  527.5  2.33478
0  532.5  2.32885
0  537.5  2.32214
0  542.5  2.31411
0  547.5  2.30539
0  552.5  2.29684
0  557.5  2.28823
0  562.5  2.27771
0  567.5  2.26699
0  572.5  2.25639
0  577.5  2.24496
0  582.5  2.23166
0  587.5  2.22064
0  592.5  2.20823
0  597.5  2.19596
0  602.5  2.18178
0  607.5  2.16785
0  612.5  2.15494
0  617.5  2.14103
0  622.5  2.1248
0  627.5  2.10998
0  632.5  2.09465
0  637.5  2.0801
0  642.5  2.06329
0  647.5  2.04778
0  652.5  2.03199
0  657.5  2.01564
0  662.5  1.99762
0  667.5  1.98181
0  672.5  1.9655
0  677.5  1.94899
0  682.5  1.93183
0  687.5  1.91566
0  692.5  1.89801
0  697.5  1.88061
0  702.5  1.86083
0  707.5  1.84397
0  712.5  1.8267
0  717.5  1.80832
0  722.5  1.78805
0  727.5  1.77041
0  732.5  1.75118
0  737.5  1.73121
0  742.5  1.71043
0  747.5  1.69167
0  752.5  1.67019
0  757.5  1.64989
0  762.5  1.62754
0  767.5  1.60785
0  772.5  1.58719
0  777.5  1.566
0  782.5  1.54206
0  787.5  1.51997
0  792.5  1.49757
0  797.5  1.47419
0  802.5  1.44958
0  807.5  1.4266
0  812.5  1.40112
0  817.5  1.37635
0  822.5  1.34971
0  827.5  1.32313
0  832.5  1.29627
0  837.5  1.26909
0  842.5  1.23873
0  847.5  1.21
0  852.5  1.18082
0  857.5  1.15116
0  862.5  1.11656
0  867.5  1.08383
0  872.5  1.05138
0  877.5  1.01798
0  882.5  0.979844
0  887.5  0.943796
0  892.5  0.907349
0  897.5  0.870935
0  902.5  0.82609
0  907.5  0.785245
0  912.5  0.743572
0  917.5  0.702265
0  922.5  0.653117
0  927.5  0.605946
0  932.5  0.558854
0  937.5  0.511555
0  942.5  0.457563
0  947.5  0.408926
0  952.5  0.361451
0  957.5  0.315603
0  962.5  0.266455
0  967.5  0.22577
0  972.5  0.18969
0  977.5  0.156765
0  982.5  0.126486
0  987.5  0.102056
0  992.5  0.0818329
0  997.5  0.0656894
0  1002.5  0.0509005
0  1007.5  0.0408766
0  1012.5  0.0325101
0  1017.5  0.02553
0  1022.5  0.0195698
0  1027.5  0.0149164
0  1032.5  0.0115379
0  1037.5  0.00889246
0  1042.5  0.00669325
0  1047.5  0.00506774
0  1052.5  0.0035538
0  1057.5  0.00172112
54  132  400  1060  P2Y2
0  402.5  2.38125
0  407.5  2.38077
0  412.5  2.38026
0  417.5  2.3798
0  422.5  2.37934
0  427.5  2.37876
0  432.5  2.37814
0  437.5  2.37741
0  442.5  2.37664
0  447.5  2.37585
0  452.5  2.37507
0  457.5  2.37411
0  462.5  2.37277
0  467.5  2.37174
0  472.5  2.37051
0  477.5  2.36917
0  482.5  2.36739
0  487.5  2.36565
0  492.5  2.36382
0  497.5  2.36206
0  502.5  2.35964
0  507.5  2.35588
0  512.5  2.35068
0  517.5  2.34609
0  522.5  2.34012
0  527.5  2.33478
0  532.5  2.32885
0  537.5  2.32214
0  542.5  2.31411
0  547.5  2.30539
0  552.5  2.29684
0  557.5  2.28823
0  562.5  2.27771
0  567.5  2.26699
0  572.5  2.25639
0  577.5  2.24496
0  582.5  2.23166
0  587.5  2.22064
0  592.5  2.20823
0  597.5  2.19596
0  602.5  2.18178
0  607.5  2.16785
0  612.5  2.15494
0  617.5  2.14103
0  622.5  2.1248
0  627.5  2.10998
0  632.5  2.09465
0  637.5  2.0801
0  642.5  2.06329
0  647.5  2.04778
0  652.5  2.03199
0  657.5  2.01564
0  662.5  1.99762
0  667.5  1.98181
0  672.5  1.9655
0  677.5  1.94899
0  682.5  1.93183
0  687.5  1.91566
0  692.5  1.89801
0  697.5  1.88061
0  702.5  1.86083
0  707.5  1.84397
0  712.5  1.8267
0  717.5  1.80832
0  722.5  1.78805
0  727.5  1.77041
0  732.5  1.75118
0  737.5  1.73121
0  742.5  1.71043
0  747.5  1.69167
0  752.5  1.67019
0  757.5  1.64989
0  762.5  1.62754
0  767.5  1.60785
0  772.5  1.58719
0  777.5  1.566
0  782.5  1.54206
0  787.5  1.51997
0  792.5  1.49757
0  797.5  1.47419
0  802.5  1.44958
0  807.5  1.4266
0  812.5  1.40112
0  817.5  1.37635
0  822.5  1.34971
0  827.5  1.32313
0  832.5  1.29627
0  837.5  1.26909
0  842.5  1.23873
0  847.5  1.21
0  852.5  1.18082
0  857.5  1.15116
0  862.5  1.11656
0  867.5  1.08383
0  872.5  1.05138
0  877.5  1.01798
0  882.5  0.979844
0  887.5  0.943796
0  892.5  0.907349
0  897.5  0.870935
0  902.5  0.82609
0  907.5  0.785245
0  912.5  0.743572
0  917.5  0.702265
0  922.5  0.653117
0  927.5  0.605946
0  932.5  0.558854
0  937.5  0.511555
0  942.5  0.457563
0  947.5  0.408926
0  952.5  0.361451
0  957.5  0.315603
0  962.5  0.266455
0  967.5  0.22577
0  972.5  0.18969
0  977.5  0.156765
0  982.5  0.126486
0  987.5  0.102056
0  992.5  0.0818329
0  997.5  0.0656894
0  1002.5  0.0509005
0  1007.5  0.0408766
0  1012.5  0.0325101
0  1017.5  0.02553
0  1022.5  0.0195698
0  1027.5  0.0149164
0  1032.5  0.0115379
0  1037.5  0.00889246
0  1042.5  0.00669325
0  1047.5  0.00506774
0  1052.5  0.0035538
0  1057.5  0.00172112
