1  41  1650.0 1750.0 D0U
0   1650.0  0.3175
0   1652.5  0.3168
0   1655.0  0.3147
0   1657.5  0.3113
0   1660.0  0.3068
0   1662.5  0.3011
0   1665.0  0.2945
0   1667.5  0.2871
0   1670.0  0.2788
0   1672.5  0.2699
0   1675.0  0.2604
0   1677.5  0.2504
0   1680.0  0.2400
0   1682.5  0.2281
0   1685.0  0.2151
0   1687.5  0.2028
0   1690.0  0.1895
0   1692.5  0.1752
0   1695.0  0.1623
0   1697.5  0.1521
0   1700.0  0.1437
0   1702.5  0.1346
0   1705.0  0.1246
0   1707.5  0.1164
0   1710.0  0.1078
0   1712.5  0.0984
0   1715.0  0.0900
0   1717.5  0.0830
0   1720.0  0.0753
0   1722.5  0.0666
0   1725.0  0.0577
0   1727.5  0.0489
0   1730.0  0.0403
0   1732.5  0.0322
0   1735.0  0.0246
0   1737.5  0.0178
0   1740.0  0.0118
0   1742.5  0.0069
0   1745.0  0.0032
0   1747.5  0.0008
0   1750.0  0.0000
2  41  1650.0 1750.0 D0Up
0   1650.0  0.3175
0   1652.5  0.3165
0   1655.0  0.3136
0   1657.5  0.3091
0   1660.0  0.3034
0   1662.5  0.2969
0   1665.0  0.2898
0   1667.5  0.2825
0   1670.0  0.2752
0   1672.5  0.2684
0   1675.0  0.2624
0   1677.5  0.2574
0   1680.0  0.2534
0   1682.5  0.2460
0   1685.0  0.2337
0   1687.5  0.2219
0   1690.0  0.2085
0   1692.5  0.1948
0   1695.0  0.1832
0   1697.5  0.1718
0   1700.0  0.1598
0   1702.5  0.1495
0   1705.0  0.1412
0   1707.5  0.1308
0   1710.0  0.1198
0   1712.5  0.1100
0   1715.0  0.1018
0   1717.5  0.0950
0   1720.0  0.0882
0   1722.5  0.0804
0   1725.0  0.0717
0   1727.5  0.0623
0   1730.0  0.0526
0   1732.5  0.0429
0   1735.0  0.0334
0   1737.5  0.0245
0   1740.0  0.0165
0   1742.5  0.0098
0   1745.0  0.0045
0   1747.5  0.0012
0   1750.0  0.0000
3  41  1650.0 1750.0 D0X
0   1650.0  0.3175
0   1652.5  0.3172
0   1655.0  0.3162
0   1657.5  0.3147
0   1660.0  0.3126
0   1662.5  0.3101
0   1665.0  0.3073
0   1667.5  0.3040
0   1670.0  0.3005
0   1672.5  0.2968
0   1675.0  0.2930
0   1677.5  0.2890
0   1680.0  0.2850
0   1682.5  0.2809
0   1685.0  0.2769
0   1687.5  0.2718
0   1690.0  0.2641
0   1692.5  0.2532
0   1695.0  0.2393
0   1697.5  0.2231
0   1700.0  0.2082
0   1702.5  0.1927
0   1705.0  0.1756
0   1707.5  0.1620
0   1710.0  0.1475
0   1712.5  0.1315
0   1715.0  0.1171
0   1717.5  0.1044
0   1720.0  0.0924
0   1722.5  0.0805
0   1725.0  0.0689
0   1727.5  0.0577
0   1730.0  0.0471
0   1732.5  0.0372
0   1735.0  0.0282
0   1737.5  0.0202
0   1740.0  0.0133
0   1742.5  0.0077
0   1745.0  0.0035
0   1747.5  0.0009
0   1750.0  0.0000
4  41  1650.0 1750.0 D0Xp
0   1650.0  0.3175
0   1652.5  0.3166
0   1655.0  0.3143
0   1657.5  0.3106
0   1660.0  0.3060
0   1662.5  0.3008
0   1665.0  0.2951
0   1667.5  0.2893
0   1670.0  0.2837
0   1672.5  0.2785
0   1675.0  0.2741
0   1677.5  0.2706
0   1680.0  0.2666
0   1682.5  0.2578
0   1685.0  0.2438
0   1687.5  0.2285
0   1690.0  0.2121
0   1692.5  0.1955
0   1695.0  0.1802
0   1697.5  0.1665
0   1700.0  0.1539
0   1702.5  0.1414
0   1705.0  0.1286
0   1707.5  0.1161
0   1710.0  0.1035
0   1712.5  0.0932
0   1715.0  0.0856
0   1717.5  0.0770
0   1720.0  0.0686
0   1722.5  0.0608
0   1725.0  0.0528
0   1727.5  0.0449
0   1730.0  0.0371
0   1732.5  0.0297
0   1735.0  0.0228
0   1737.5  0.0165
0   1740.0  0.0109
0   1742.5  0.0064
0   1745.0  0.0029
0   1747.5  0.0008
0   1750.0  -0.0000
5  41  1650.0 1750.0 D0V
0   1650.0  0.3175
0   1652.5  0.3168
0   1655.0  0.3148
0   1657.5  0.3116
0   1660.0  0.3074
0   1662.5  0.3023
0   1665.0  0.2963
0   1667.5  0.2898
0   1670.0  0.2826
0   1672.5  0.2751
0   1675.0  0.2673
0   1677.5  0.2593
0   1680.0  0.2511
0   1682.5  0.2402
0   1685.0  0.2261
0   1687.5  0.2126
0   1690.0  0.1980
0   1692.5  0.1839
0   1695.0  0.1723
0   1697.5  0.1612
0   1700.0  0.1490
0   1702.5  0.1374
0   1705.0  0.1271
0   1707.5  0.1154
0   1710.0  0.1052
0   1712.5  0.0962
0   1715.0  0.0881
0   1717.5  0.0827
0   1720.0  0.0754
0   1722.5  0.0659
0   1725.0  0.0564
0   1727.5  0.0473
0   1730.0  0.0386
0   1732.5  0.0305
0   1735.0  0.0231
0   1737.5  0.0165
0   1740.0  0.0109
0   1742.5  0.0063
0   1745.0  0.0029
0   1747.5  0.0007
0   1750.0  0.0000
6  41  1650.0 1750.0 D0Vp
0   1650.0  0.3175
0   1652.5  0.3167
0   1655.0  0.3145
0   1657.5  0.3109
0   1660.0  0.3061
0   1662.5  0.3001
0   1665.0  0.2931
0   1667.5  0.2851
0   1670.0  0.2763
0   1672.5  0.2668
0   1675.0  0.2566
0   1677.5  0.2460
0   1680.0  0.2349
0   1682.5  0.2238
0   1685.0  0.2126
0   1687.5  0.2007
0   1690.0  0.1892
0   1692.5  0.1790
0   1695.0  0.1699
0   1697.5  0.1598
0   1700.0  0.1488
0   1702.5  0.1389
0   1705.0  0.1308
0   1707.5  0.1229
0   1710.0  0.1143
0   1712.5  0.1054
0   1715.0  0.0975
0   1717.5  0.0910
0   1720.0  0.0840
0   1722.5  0.0757
0   1725.0  0.0668
0   1727.5  0.0575
0   1730.0  0.0482
0   1732.5  0.0389
0   1735.0  0.0301
0   1737.5  0.0220
0   1740.0  0.0147
0   1742.5  0.0087
0   1745.0  0.0040
0   1747.5  0.0010
0   1750.0  0.0000
7  45  1530.0 1640.0 D1V
0   1530.0  0.3175
0   1532.5  0.3177
0   1535.0  0.3179
0   1537.5  0.3182
0   1540.0  0.3184
0   1542.5  0.3186
0   1545.0  0.3154
0   1547.5  0.3117
0   1550.0  0.3079
0   1552.5  0.3042
0   1555.0  0.3005
0   1557.5  0.2967
0   1560.0  0.2924
0   1562.5  0.2864
0   1565.0  0.2799
0   1567.5  0.2656
0   1570.0  0.2506
0   1572.5  0.2353
0   1575.0  0.2212
0   1577.5  0.2082
0   1580.0  0.1951
0   1582.5  0.1793
0   1585.0  0.1673
0   1587.5  0.1561
0   1590.0  0.1430
0   1592.5  0.1317
0   1595.0  0.1204
0   1597.5  0.1086
0   1600.0  0.0956
0   1602.5  0.0849
0   1605.0  0.0776
0   1607.5  0.0694
0   1610.0  0.0620
0   1612.5  0.0556
0   1615.0  0.0486
0   1617.5  0.0407
0   1620.0  0.0323
0   1622.5  0.0295
0   1625.0  0.0275
0   1627.5  0.0259
0   1630.0  0.0244
0   1632.5  0.0229
0   1635.0  0.0155
0   1637.5  0.0078
0   1640.0  0.0000
8  45  1530.0 1640.0 D1Vp
0   1530.0  0.3175
0   1532.5  0.3177
0   1535.0  0.3180
0   1537.5  0.3182
0   1540.0  0.3184
0   1542.5  0.3163
0   1545.0  0.3126
0   1547.5  0.3088
0   1550.0  0.3051
0   1552.5  0.3014
0   1555.0  0.2966
0   1557.5  0.2905
0   1560.0  0.2794
0   1562.5  0.2697
0   1565.0  0.2610
0   1567.5  0.2475
0   1570.0  0.2337
0   1572.5  0.2203
0   1575.0  0.2113
0   1577.5  0.2001
0   1580.0  0.1881
0   1582.5  0.1772
0   1585.0  0.1674
0   1587.5  0.1575
0   1590.0  0.1461
0   1592.5  0.1369
0   1595.0  0.1280
0   1597.5  0.1187
0   1600.0  0.1075
0   1602.5  0.0971
0   1605.0  0.0882
0   1607.5  0.0798
0   1610.0  0.0714
0   1612.5  0.0630
0   1615.0  0.0561
0   1617.5  0.0509
0   1620.0  0.0473
0   1622.5  0.0412
0   1625.0  0.0386
0   1627.5  0.0385
0   1630.0  0.0383
0   1632.5  0.0382
0   1635.0  0.0260
0   1637.5  0.0130
0   1640.0  0.0000
9  45  1530.0 1640.0 D1X
0   1530.0  0.3175
0   1532.5  0.3199
0   1535.0  0.3223
0   1537.5  0.3247
0   1540.0  0.3271
0   1542.5  0.3295
0   1545.0  0.3319
0   1547.5  0.3343
0   1550.0  0.3324
0   1552.5  0.3284
0   1555.0  0.3243
0   1557.5  0.3203
0   1560.0  0.3162
0   1562.5  0.3122
0   1565.0  0.3081
0   1567.5  0.3041
0   1570.0  0.3000
0   1572.5  0.2931
0   1575.0  0.2856
0   1577.5  0.2755
0   1580.0  0.2641
0   1582.5  0.2529
0   1585.0  0.2373
0   1587.5  0.2198
0   1590.0  0.2016
0   1592.5  0.1848
0   1595.0  0.1682
0   1597.5  0.1514
0   1600.0  0.1365
0   1602.5  0.1217
0   1605.0  0.1068
0   1607.5  0.0953
0   1610.0  0.0848
0   1612.5  0.0751
0   1615.0  0.0635
0   1617.5  0.0549
0   1620.0  0.0488
0   1622.5  0.0418
0   1625.0  0.0386
0   1627.5  0.0379
0   1630.0  0.0371
0   1632.5  0.0363
0   1635.0  0.0247
0   1637.5  0.0124
0   1640.0  0.0000
10  45  1530.0 1640.0 D1Xp
0   1530.0  0.3175
0   1532.5  0.3216
0   1535.0  0.3257
0   1537.5  0.3297
0   1540.0  0.3338
0   1542.5  0.3379
0   1545.0  0.3408
0   1547.5  0.3356
0   1550.0  0.3304
0   1552.5  0.3253
0   1555.0  0.3201
0   1557.5  0.3149
0   1560.0  0.3097
0   1562.5  0.3046
0   1565.0  0.2955
0   1567.5  0.2854
0   1570.0  0.2707
0   1572.5  0.2533
0   1575.0  0.2390
0   1577.5  0.2238
0   1580.0  0.2078
0   1582.5  0.1909
0   1585.0  0.1752
0   1587.5  0.1604
0   1590.0  0.1462
0   1592.5  0.1356
0   1595.0  0.1253
0   1597.5  0.1139
0   1600.0  0.1036
0   1602.5  0.0929
0   1605.0  0.0813
0   1607.5  0.0768
0   1610.0  0.0699
0   1612.5  0.0596
0   1615.0  0.0516
0   1617.5  0.0469
0   1620.0  0.0447
0   1622.5  0.0403
0   1625.0  0.0382
0   1627.5  0.0376
0   1630.0  0.0370
0   1632.5  0.0365
0   1635.0  0.0248
0   1637.5  0.0124
0   1640.0  0.0000
11  45  1530.0 1640.0 D1U
0   1530.0  0.3175
0   1532.5  0.3163
0   1535.0  0.3151
0   1537.5  0.3139
0   1540.0  0.3126
0   1542.5  0.3114
0   1545.0  0.3075
0   1547.5  0.3031
0   1550.0  0.2988
0   1552.5  0.2944
0   1555.0  0.2901
0   1557.5  0.2857
0   1560.0  0.2818
0   1562.5  0.2791
0   1565.0  0.2761
0   1567.5  0.2671
0   1570.0  0.2522
0   1572.5  0.2347
0   1575.0  0.2246
0   1577.5  0.2092
0   1580.0  0.1917
0   1582.5  0.1761
0   1585.0  0.1642
0   1587.5  0.1535
0   1590.0  0.1425
0   1592.5  0.1325
0   1595.0  0.1218
0   1597.5  0.1092
0   1600.0  0.0990
0   1602.5  0.0898
0   1605.0  0.0815
0   1607.5  0.0733
0   1610.0  0.0668
0   1612.5  0.0623
0   1615.0  0.0523
0   1617.5  0.0455
0   1620.0  0.0416
0   1622.5  0.0366
0   1625.0  0.0336
0   1627.5  0.0318
0   1630.0  0.0301
0   1632.5  0.0283
0   1635.0  0.0192
0   1637.5  0.0096
0   1640.0  0.0000
12  45  1530.0 1640.0 D1Up
0   1530.0  0.3175
0   1532.5  0.3159
0   1535.0  0.3143
0   1537.5  0.3127
0   1540.0  0.3112
0   1542.5  0.3096
0   1545.0  0.3077
0   1547.5  0.3040
0   1550.0  0.3003
0   1552.5  0.2966
0   1555.0  0.2930
0   1557.5  0.2893
0   1560.0  0.2856
0   1562.5  0.2819
0   1565.0  0.2757
0   1567.5  0.2688
0   1570.0  0.2602
0   1572.5  0.2504
0   1575.0  0.2408
0   1577.5  0.2269
0   1580.0  0.2110
0   1582.5  0.1956
0   1585.0  0.1816
0   1587.5  0.1683
0   1590.0  0.1555
0   1592.5  0.1453
0   1595.0  0.1357
0   1597.5  0.1261
0   1600.0  0.1127
0   1602.5  0.1008
0   1605.0  0.0920
0   1607.5  0.0840
0   1610.0  0.0764
0   1612.5  0.0690
0   1615.0  0.0564
0   1617.5  0.0499
0   1620.0  0.0485
0   1622.5  0.0411
0   1625.0  0.0374
0   1627.5  0.0362
0   1630.0  0.0350
0   1632.5  0.0337
0   1635.0  0.0229
0   1637.5  0.0115
0   1640.0  0.0000
13  113  1320.0 1600.0 D2V
0   1320.0  1.0105
0   1322.5  1.0095
0   1325.0  1.0085
0   1327.5  1.0075
0   1330.0  1.0064
0   1332.5  1.0054
0   1335.0  1.0044
0   1337.5  1.0034
0   1340.0  1.0024
0   1342.5  1.0014
0   1345.0  1.0004
0   1347.5  0.9994
0   1350.0  0.9983
0   1352.5  0.9973
0   1355.0  0.9963
0   1357.5  0.9953
0   1360.0  0.9943
0   1362.5  0.9931
0   1365.0  0.9912
0   1367.5  0.9893
0   1370.0  0.9874
0   1372.5  0.9855
0   1375.0  0.9836
0   1377.5  0.9818
0   1380.0  0.9799
0   1382.5  0.9780
0   1385.0  0.9761
0   1387.5  0.9742
0   1390.0  0.9723
0   1392.5  0.9704
0   1395.0  0.9685
0   1397.5  0.9666
0   1400.0  0.9647
0   1402.5  0.9628
0   1405.0  0.9609
0   1407.5  0.9591
0   1410.0  0.9572
0   1412.5  0.9553
0   1415.0  0.9534
0   1417.5  0.9515
0   1420.0  0.9474
0   1422.5  0.9428
0   1425.0  0.9382
0   1427.5  0.9336
0   1430.0  0.9290
0   1432.5  0.9245
0   1435.0  0.9199
0   1437.5  0.9137
0   1440.0  0.9045
0   1442.5  0.8953
0   1445.0  0.8861
0   1447.5  0.8751
0   1450.0  0.8628
0   1452.5  0.8505
0   1455.0  0.8383
0   1457.5  0.8226
0   1460.0  0.8063
0   1462.5  0.7901
0   1465.0  0.7740
0   1467.5  0.7593
0   1470.0  0.7445
0   1472.5  0.7297
0   1475.0  0.7143
0   1477.5  0.6979
0   1480.0  0.6815
0   1482.5  0.6651
0   1485.0  0.6474
0   1487.5  0.6289
0   1490.0  0.6105
0   1492.5  0.5921
0   1495.0  0.5718
0   1497.5  0.5513
0   1500.0  0.5309
0   1502.5  0.5108
0   1505.0  0.4924
0   1507.5  0.4739
0   1510.0  0.4555
0   1512.5  0.4367
0   1515.0  0.4174
0   1517.5  0.3981
0   1520.0  0.3788
0   1522.5  0.3603
0   1525.0  0.3421
0   1527.5  0.3239
0   1530.0  0.3057
0   1532.5  0.2871
0   1535.0  0.2685
0   1537.5  0.2499
0   1540.0  0.2321
0   1542.5  0.2163
0   1545.0  0.2005
0   1547.5  0.1848
0   1550.0  0.1704
0   1552.5  0.1574
0   1555.0  0.1443
0   1557.5  0.1313
0   1560.0  0.1197
0   1562.5  0.1084
0   1565.0  0.0971
0   1567.5  0.0863
0   1570.0  0.0817
0   1572.5  0.0770
0   1575.0  0.0724
0   1577.5  0.0677
0   1580.0  0.0630
0   1582.5  0.0584
0   1585.0  0.0537
0   1587.5  0.0463
0   1590.0  0.0371
0   1592.5  0.0278
0   1595.0  0.0185
0   1597.5  0.0093
0   1600.0  0.0000
14  113  1320.0 1600.0 D2Vp
0   1320.0  1.0105
0   1322.5  1.0095
0   1325.0  1.0085
0   1327.5  1.0075
0   1330.0  1.0066
0   1332.5  1.0056
0   1335.0  1.0046
0   1337.5  1.0036
0   1340.0  1.0026
0   1342.5  1.0016
0   1345.0  1.0007
0   1347.5  0.9997
0   1350.0  0.9987
0   1352.5  0.9977
0   1355.0  0.9967
0   1357.5  0.9957
0   1360.0  0.9948
0   1362.5  0.9938
0   1365.0  0.9928
0   1367.5  0.9915
0   1370.0  0.9896
0   1372.5  0.9877
0   1375.0  0.9858
0   1377.5  0.9840
0   1380.0  0.9821
0   1382.5  0.9802
0   1385.0  0.9783
0   1387.5  0.9764
0   1390.0  0.9745
0   1392.5  0.9727
0   1395.0  0.9708
0   1397.5  0.9689
0   1400.0  0.9670
0   1402.5  0.9651
0   1405.0  0.9632
0   1407.5  0.9614
0   1410.0  0.9595
0   1412.5  0.9576
0   1415.0  0.9557
0   1417.5  0.9538
0   1420.0  0.9519
0   1422.5  0.9501
0   1425.0  0.9467
0   1427.5  0.9432
0   1430.0  0.9397
0   1432.5  0.9361
0   1435.0  0.9326
0   1437.5  0.9268
0   1440.0  0.9161
0   1442.5  0.9055
0   1445.0  0.8949
0   1447.5  0.8834
0   1450.0  0.8714
0   1452.5  0.8594
0   1455.0  0.8474
0   1457.5  0.8319
0   1460.0  0.8159
0   1462.5  0.7999
0   1465.0  0.7840
0   1467.5  0.7696
0   1470.0  0.7551
0   1472.5  0.7407
0   1475.0  0.7248
0   1477.5  0.7070
0   1480.0  0.6891
0   1482.5  0.6712
0   1485.0  0.6534
0   1487.5  0.6357
0   1490.0  0.6180
0   1492.5  0.6002
0   1495.0  0.5806
0   1497.5  0.5608
0   1500.0  0.5411
0   1502.5  0.5218
0   1505.0  0.5044
0   1507.5  0.4871
0   1510.0  0.4697
0   1512.5  0.4508
0   1515.0  0.4301
0   1517.5  0.4093
0   1520.0  0.3886
0   1522.5  0.3696
0   1525.0  0.3512
0   1527.5  0.3328
0   1530.0  0.3145
0   1532.5  0.2975
0   1535.0  0.2805
0   1537.5  0.2636
0   1540.0  0.2469
0   1542.5  0.2310
0   1545.0  0.2151
0   1547.5  0.1992
0   1550.0  0.1834
0   1552.5  0.1676
0   1555.0  0.1518
0   1557.5  0.1361
0   1560.0  0.1232
0   1562.5  0.1111
0   1565.0  0.0989
0   1567.5  0.0872
0   1570.0  0.0816
0   1572.5  0.0759
0   1575.0  0.0703
0   1577.5  0.0646
0   1580.0  0.0590
0   1582.5  0.0533
0   1585.0  0.0477
0   1587.5  0.0406
0   1590.0  0.0324
0   1592.5  0.0243
0   1595.0  0.0162
0   1597.5  0.0081
0   1600.0  0.0000
15  113  1320.0 1600.0 D2Xp
0   1320.0  1.0415
0   1322.5  1.0382
0   1325.0  1.0348
0   1327.5  1.0315
0   1330.0  1.0282
0   1332.5  1.0248
0   1335.0  1.0215
0   1337.5  1.0181
0   1340.0  1.0148
0   1342.5  1.0115
0   1345.0  1.0081
0   1347.5  1.0048
0   1350.0  1.0026
0   1352.5  1.0007
0   1355.0  0.9988
0   1357.5  0.9969
0   1360.0  0.9950
0   1362.5  0.9931
0   1365.0  0.9911
0   1367.5  0.9892
0   1370.0  0.9873
0   1372.5  0.9854
0   1375.0  0.9835
0   1377.5  0.9816
0   1380.0  0.9797
0   1382.5  0.9778
0   1385.0  0.9759
0   1387.5  0.9740
0   1390.0  0.9721
0   1392.5  0.9702
0   1395.0  0.9682
0   1397.5  0.9656
0   1400.0  0.9630
0   1402.5  0.9604
0   1405.0  0.9578
0   1407.5  0.9552
0   1410.0  0.9526
0   1412.5  0.9500
0   1415.0  0.9474
0   1417.5  0.9448
0   1420.0  0.9422
0   1422.5  0.9396
0   1425.0  0.9321
0   1427.5  0.9242
0   1430.0  0.9162
0   1432.5  0.9083
0   1435.0  0.9004
0   1437.5  0.8911
0   1440.0  0.8789
0   1442.5  0.8667
0   1445.0  0.8545
0   1447.5  0.8422
0   1450.0  0.8298
0   1452.5  0.8175
0   1455.0  0.8051
0   1457.5  0.7913
0   1460.0  0.7774
0   1462.5  0.7634
0   1465.0  0.7492
0   1467.5  0.7335
0   1470.0  0.7179
0   1472.5  0.7022
0   1475.0  0.6864
0   1477.5  0.6704
0   1480.0  0.6545
0   1482.5  0.6385
0   1485.0  0.6210
0   1487.5  0.6028
0   1490.0  0.5846
0   1492.5  0.5664
0   1495.0  0.5479
0   1497.5  0.5294
0   1500.0  0.5109
0   1502.5  0.4925
0   1505.0  0.4745
0   1507.5  0.4566
0   1510.0  0.4386
0   1512.5  0.4188
0   1515.0  0.3969
0   1517.5  0.3749
0   1520.0  0.3530
0   1522.5  0.3336
0   1525.0  0.3152
0   1527.5  0.2968
0   1530.0  0.2785
0   1532.5  0.2609
0   1535.0  0.2433
0   1537.5  0.2257
0   1540.0  0.2087
0   1542.5  0.1937
0   1545.0  0.1786
0   1547.5  0.1636
0   1550.0  0.1493
0   1552.5  0.1357
0   1555.0  0.1221
0   1557.5  0.1086
0   1560.0  0.0986
0   1562.5  0.0895
0   1565.0  0.0805
0   1567.5  0.0718
0   1570.0  0.0682
0   1572.5  0.0645
0   1575.0  0.0609
0   1577.5  0.0573
0   1580.0  0.0536
0   1582.5  0.0500
0   1585.0  0.0464
0   1587.5  0.0401
0   1590.0  0.0321
0   1592.5  0.0241
0   1595.0  0.0160
0   1597.5  0.0080
0   1600.0  0.0000
16  113  1320.0 1600.0 D2X
0   1320.0  1.0415
0   1322.5  1.0375
0   1325.0  1.0335
0   1327.5  1.0295
0   1330.0  1.0255
0   1332.5  1.0215
0   1335.0  1.0175
0   1337.5  1.0135
0   1340.0  1.0095
0   1342.5  1.0055
0   1345.0  1.0015
0   1347.5  0.9975
0   1350.0  0.9935
0   1352.5  0.9895
0   1355.0  0.9885
0   1357.5  0.9877
0   1360.0  0.9869
0   1362.5  0.9861
0   1365.0  0.9853
0   1367.5  0.9845
0   1370.0  0.9837
0   1372.5  0.9829
0   1375.0  0.9821
0   1377.5  0.9813
0   1380.0  0.9805
0   1382.5  0.9797
0   1385.0  0.9789
0   1387.5  0.9781
0   1390.0  0.9773
0   1392.5  0.9765
0   1395.0  0.9757
0   1397.5  0.9749
0   1400.0  0.9727
0   1402.5  0.9666
0   1405.0  0.9606
0   1407.5  0.9545
0   1410.0  0.9484
0   1412.5  0.9424
0   1415.0  0.9363
0   1417.5  0.9302
0   1420.0  0.9290
0   1422.5  0.9290
0   1425.0  0.9289
0   1427.5  0.9281
0   1430.0  0.9155
0   1432.5  0.9030
0   1435.0  0.8905
0   1437.5  0.8784
0   1440.0  0.8674
0   1442.5  0.8564
0   1445.0  0.8454
0   1447.5  0.8314
0   1450.0  0.8154
0   1452.5  0.7994
0   1455.0  0.7835
0   1457.5  0.7723
0   1460.0  0.7619
0   1462.5  0.7515
0   1465.0  0.7405
0   1467.5  0.7256
0   1470.0  0.7106
0   1472.5  0.6957
0   1475.0  0.6813
0   1477.5  0.6675
0   1480.0  0.6537
0   1482.5  0.6399
0   1485.0  0.6233
0   1487.5  0.6052
0   1490.0  0.5872
0   1492.5  0.5691
0   1495.0  0.5530
0   1497.5  0.5370
0   1500.0  0.5210
0   1502.5  0.5041
0   1505.0  0.4833
0   1507.5  0.4625
0   1510.0  0.4417
0   1512.5  0.4215
0   1515.0  0.4018
0   1517.5  0.3822
0   1520.0  0.3626
0   1522.5  0.3423
0   1525.0  0.3218
0   1527.5  0.3012
0   1530.0  0.2807
0   1532.5  0.2613
0   1535.0  0.2418
0   1537.5  0.2224
0   1540.0  0.2071
0   1542.5  0.2033
0   1545.0  0.1995
0   1547.5  0.1957
0   1550.0  0.1829
0   1552.5  0.1622
0   1555.0  0.1415
0   1557.5  0.1208
0   1560.0  0.1079
0   1562.5  0.0970
0   1565.0  0.0861
0   1567.5  0.0757
0   1570.0  0.0718
0   1572.5  0.0679
0   1575.0  0.0640
0   1577.5  0.0601
0   1580.0  0.0562
0   1582.5  0.0523
0   1585.0  0.0484
0   1587.5  0.0418
0   1590.0  0.0334
0   1592.5  0.0251
0   1595.0  0.0167
0   1597.5  0.0084
0   1600.0  0.0000
17  113  1320.0 1600.0 D2U
0   1320.0  1.0105
0   1322.5  1.0088
0   1325.0  1.0071
0   1327.5  1.0054
0   1330.0  1.0036
0   1332.5  1.0019
0   1335.0  1.0002
0   1337.5  0.9985
0   1340.0  0.9968
0   1342.5  0.9951
0   1345.0  0.9933
0   1347.5  0.9916
0   1350.0  0.9899
0   1352.5  0.9882
0   1355.0  0.9869
0   1357.5  0.9856
0   1360.0  0.9843
0   1362.5  0.9831
0   1365.0  0.9818
0   1367.5  0.9805
0   1370.0  0.9792
0   1372.5  0.9779
0   1375.0  0.9767
0   1377.5  0.9754
0   1380.0  0.9741
0   1382.5  0.9728
0   1385.0  0.9716
0   1387.5  0.9703
0   1390.0  0.9690
0   1392.5  0.9677
0   1395.0  0.9664
0   1397.5  0.9652
0   1400.0  0.9639
0   1402.5  0.9626
0   1405.0  0.9602
0   1407.5  0.9562
0   1410.0  0.9522
0   1412.5  0.9482
0   1415.0  0.9442
0   1417.5  0.9402
0   1420.0  0.9362
0   1422.5  0.9322
0   1425.0  0.9282
0   1427.5  0.9242
0   1430.0  0.9202
0   1432.5  0.9154
0   1435.0  0.9073
0   1437.5  0.8993
0   1440.0  0.8912
0   1442.5  0.8831
0   1445.0  0.8751
0   1447.5  0.8631
0   1450.0  0.8486
0   1452.5  0.8341
0   1455.0  0.8196
0   1457.5  0.8050
0   1460.0  0.7904
0   1462.5  0.7757
0   1465.0  0.7607
0   1467.5  0.7436
0   1470.0  0.7264
0   1472.5  0.7093
0   1475.0  0.6919
0   1477.5  0.6743
0   1480.0  0.6567
0   1482.5  0.6390
0   1485.0  0.6199
0   1487.5  0.6000
0   1490.0  0.5802
0   1492.5  0.5603
0   1495.0  0.5407
0   1497.5  0.5210
0   1500.0  0.5014
0   1502.5  0.4817
0   1505.0  0.4616
0   1507.5  0.4416
0   1510.0  0.4215
0   1512.5  0.4026
0   1515.0  0.3850
0   1517.5  0.3674
0   1520.0  0.3498
0   1522.5  0.3307
0   1525.0  0.3111
0   1527.5  0.2914
0   1530.0  0.2718
0   1532.5  0.2542
0   1535.0  0.2366
0   1537.5  0.2190
0   1540.0  0.2020
0   1542.5  0.1867
0   1545.0  0.1713
0   1547.5  0.1559
0   1550.0  0.1425
0   1552.5  0.1306
0   1555.0  0.1187
0   1557.5  0.1069
0   1560.0  0.0974
0   1562.5  0.0885
0   1565.0  0.0796
0   1567.5  0.0711
0   1570.0  0.0673
0   1572.5  0.0636
0   1575.0  0.0599
0   1577.5  0.0561
0   1580.0  0.0524
0   1582.5  0.0486
0   1585.0  0.0449
0   1587.5  0.0387
0   1590.0  0.0310
0   1592.5  0.0232
0   1595.0  0.0155
0   1597.5  0.0077
0   1600.0  0.0000
18  113  1320.0 1600.0 D2Up
0   1320.0  1.0105
0   1322.5  1.0095
0   1325.0  1.0084
0   1327.5  1.0074
0   1330.0  1.0064
0   1332.5  1.0053
0   1335.0  1.0043
0   1337.5  1.0033
0   1340.0  1.0022
0   1342.5  1.0012
0   1345.0  1.0001
0   1347.5  0.9991
0   1350.0  0.9981
0   1352.5  0.9970
0   1355.0  0.9960
0   1357.5  0.9949
0   1360.0  0.9933
0   1362.5  0.9916
0   1365.0  0.9900
0   1367.5  0.9883
0   1370.0  0.9866
0   1372.5  0.9850
0   1375.0  0.9833
0   1377.5  0.9817
0   1380.0  0.9800
0   1382.5  0.9783
0   1385.0  0.9767
0   1387.5  0.9750
0   1390.0  0.9734
0   1392.5  0.9717
0   1395.0  0.9700
0   1397.5  0.9684
0   1400.0  0.9667
0   1402.5  0.9651
0   1405.0  0.9634
0   1407.5  0.9617
0   1410.0  0.9591
0   1412.5  0.9555
0   1415.0  0.9520
0   1417.5  0.9485
0   1420.0  0.9449
0   1422.5  0.9414
0   1425.0  0.9379
0   1427.5  0.9343
0   1430.0  0.9308
0   1432.5  0.9262
0   1435.0  0.9170
0   1437.5  0.9079
0   1440.0  0.8988
0   1442.5  0.8896
0   1445.0  0.8805
0   1447.5  0.8692
0   1450.0  0.8565
0   1452.5  0.8438
0   1455.0  0.8310
0   1457.5  0.8150
0   1460.0  0.7984
0   1462.5  0.7818
0   1465.0  0.7652
0   1467.5  0.7481
0   1470.0  0.7309
0   1472.5  0.7138
0   1475.0  0.6970
0   1477.5  0.6808
0   1480.0  0.6645
0   1482.5  0.6482
0   1485.0  0.6293
0   1487.5  0.6091
0   1490.0  0.5889
0   1492.5  0.5686
0   1495.0  0.5483
0   1497.5  0.5280
0   1500.0  0.5077
0   1502.5  0.4875
0   1505.0  0.4679
0   1507.5  0.4482
0   1510.0  0.4286
0   1512.5  0.4089
0   1515.0  0.3892
0   1517.5  0.3695
0   1520.0  0.3498
0   1522.5  0.3307
0   1525.0  0.3119
0   1527.5  0.2930
0   1530.0  0.2742
0   1532.5  0.2577
0   1535.0  0.2412
0   1537.5  0.2247
0   1540.0  0.2081
0   1542.5  0.1911
0   1545.0  0.1741
0   1547.5  0.1571
0   1550.0  0.1430
0   1552.5  0.1313
0   1555.0  0.1196
0   1557.5  0.1079
0   1560.0  0.0981
0   1562.5  0.0888
0   1565.0  0.0795
0   1567.5  0.0706
0   1570.0  0.0679
0   1572.5  0.0651
0   1575.0  0.0624
0   1577.5  0.0597
0   1580.0  0.0570
0   1582.5  0.0543
0   1585.0  0.0516
0   1587.5  0.0451
0   1590.0  0.0361
0   1592.5  0.0271
0   1595.0  0.0180
0   1597.5  0.0090
0   1600.0  0.0000
19  109  1200.0 1470.0 D3pVp
0   1200.0  1.0000
0   1202.5  0.9954
0   1205.0  0.9908
0   1207.5  0.9862
0   1210.0  0.9816
0   1212.5  0.9770
0   1215.0  0.9724
0   1217.5  0.9678
0   1220.0  0.9632
0   1222.5  0.9586
0   1225.0  0.9540
0   1227.5  0.9494
0   1230.0  0.9448
0   1232.5  0.9414
0   1235.0  0.9399
0   1237.5  0.9383
0   1240.0  0.9367
0   1242.5  0.9352
0   1245.0  0.9336
0   1247.5  0.9321
0   1250.0  0.9305
0   1252.5  0.9289
0   1255.0  0.9274
0   1257.5  0.9258
0   1260.0  0.9242
0   1262.5  0.9227
0   1265.0  0.9211
0   1267.5  0.9196
0   1270.0  0.9180
0   1272.5  0.9164
0   1275.0  0.9149
0   1277.5  0.9121
0   1280.0  0.9074
0   1282.5  0.9027
0   1285.0  0.8980
0   1287.5  0.8933
0   1290.0  0.8886
0   1292.5  0.8839
0   1295.0  0.8780
0   1297.5  0.8669
0   1300.0  0.8559
0   1302.5  0.8448
0   1305.0  0.8329
0   1307.5  0.8204
0   1310.0  0.8079
0   1312.5  0.7953
0   1315.0  0.7800
0   1317.5  0.7646
0   1320.0  0.7492
0   1322.5  0.7347
0   1325.0  0.7217
0   1327.5  0.7087
0   1330.0  0.6956
0   1332.5  0.6824
0   1335.0  0.6690
0   1337.5  0.6557
0   1340.0  0.6423
0   1342.5  0.6285
0   1345.0  0.6147
0   1347.5  0.6009
0   1350.0  0.5856
0   1352.5  0.5692
0   1355.0  0.5529
0   1357.5  0.5365
0   1360.0  0.5205
0   1362.5  0.5044
0   1365.0  0.4883
0   1367.5  0.4721
0   1370.0  0.4558
0   1372.5  0.4394
0   1375.0  0.4230
0   1377.5  0.4076
0   1380.0  0.3925
0   1382.5  0.3775
0   1385.0  0.3619
0   1387.5  0.3442
0   1390.0  0.3266
0   1392.5  0.3089
0   1395.0  0.2917
0   1397.5  0.2746
0   1400.0  0.2576
0   1402.5  0.2405
0   1405.0  0.2248
0   1407.5  0.2090
0   1410.0  0.1932
0   1412.5  0.1786
0   1415.0  0.1656
0   1417.5  0.1525
0   1420.0  0.1395
0   1422.5  0.1291
0   1425.0  0.1195
0   1427.5  0.1098
0   1430.0  0.1001
0   1432.5  0.0904
0   1435.0  0.0827
0   1437.5  0.0779
0   1440.0  0.0731
0   1442.5  0.0682
0   1445.0  0.0634
0   1447.5  0.0586
0   1450.0  0.0538
0   1452.5  0.0490
0   1455.0  0.0442
0   1457.5  0.0383
0   1460.0  0.0306
0   1462.5  0.0230
0   1465.0  0.0153
0   1467.5  0.0077
0   1470.0  0.0000
20  109  1200.0 1470.0 D3pV
0   1200.0  1.0000
0   1202.5  0.9966
0   1205.0  0.9933
0   1207.5  0.9899
0   1210.0  0.9865
0   1212.5  0.9831
0   1215.0  0.9798
0   1217.5  0.9764
0   1220.0  0.9730
0   1222.5  0.9697
0   1225.0  0.9663
0   1227.5  0.9629
0   1230.0  0.9595
0   1232.5  0.9567
0   1235.0  0.9547
0   1237.5  0.9527
0   1240.0  0.9507
0   1242.5  0.9487
0   1245.0  0.9466
0   1247.5  0.9446
0   1250.0  0.9426
0   1252.5  0.9406
0   1255.0  0.9386
0   1257.5  0.9366
0   1260.0  0.9345
0   1262.5  0.9325
0   1265.0  0.9305
0   1267.5  0.9285
0   1270.0  0.9265
0   1272.5  0.9239
0   1275.0  0.9193
0   1277.5  0.9147
0   1280.0  0.9101
0   1282.5  0.9054
0   1285.0  0.9008
0   1287.5  0.8962
0   1290.0  0.8916
0   1292.5  0.8823
0   1295.0  0.8731
0   1297.5  0.8639
0   1300.0  0.8546
0   1302.5  0.8454
0   1305.0  0.8337
0   1307.5  0.8203
0   1310.0  0.8070
0   1312.5  0.7937
0   1315.0  0.7821
0   1317.5  0.7705
0   1320.0  0.7590
0   1322.5  0.7465
0   1325.0  0.7327
0   1327.5  0.7188
0   1330.0  0.7050
0   1332.5  0.6923
0   1335.0  0.6798
0   1337.5  0.6673
0   1340.0  0.6541
0   1342.5  0.6380
0   1345.0  0.6219
0   1347.5  0.6058
0   1350.0  0.5906
0   1352.5  0.5760
0   1355.0  0.5613
0   1357.5  0.5466
0   1360.0  0.5309
0   1362.5  0.5151
0   1365.0  0.4993
0   1367.5  0.4835
0   1370.0  0.4677
0   1372.5  0.4519
0   1375.0  0.4360
0   1377.5  0.4193
0   1380.0  0.4024
0   1382.5  0.3855
0   1385.0  0.3684
0   1387.5  0.3508
0   1390.0  0.3333
0   1392.5  0.3157
0   1395.0  0.2995
0   1397.5  0.2842
0   1400.0  0.2688
0   1402.5  0.2535
0   1405.0  0.2395
0   1407.5  0.2256
0   1410.0  0.2116
0   1412.5  0.1980
0   1415.0  0.1852
0   1417.5  0.1723
0   1420.0  0.1594
0   1422.5  0.1476
0   1425.0  0.1360
0   1427.5  0.1245
0   1430.0  0.1131
0   1432.5  0.1027
0   1435.0  0.0923
0   1437.5  0.0819
0   1440.0  0.0714
0   1442.5  0.0610
0   1445.0  0.0557
0   1447.5  0.0516
0   1450.0  0.0476
0   1452.5  0.0435
0   1455.0  0.0395
0   1457.5  0.0354
0   1460.0  0.0314
0   1462.5  0.0248
0   1465.0  0.0165
0   1467.5  0.0083
0   1470.0  0.0000
21  109  1200.0 1470.0 D3pXp
0   1200.0  1.0000
0   1202.5  0.9963
0   1205.0  0.9927
0   1207.5  0.9890
0   1210.0  0.9853
0   1212.5  0.9816
0   1215.0  0.9780
0   1217.5  0.9743
0   1220.0  0.9706
0   1222.5  0.9669
0   1225.0  0.9633
0   1227.5  0.9596
0   1230.0  0.9559
0   1232.5  0.9533
0   1235.0  0.9521
0   1237.5  0.9510
0   1240.0  0.9498
0   1242.5  0.9487
0   1245.0  0.9476
0   1247.5  0.9464
0   1250.0  0.9453
0   1252.5  0.9441
0   1255.0  0.9430
0   1257.5  0.9419
0   1260.0  0.9407
0   1262.5  0.9396
0   1265.0  0.9384
0   1267.5  0.9373
0   1270.0  0.9361
0   1272.5  0.9348
0   1275.0  0.9325
0   1277.5  0.9303
0   1280.0  0.9280
0   1282.5  0.9257
0   1285.0  0.9235
0   1287.5  0.9168
0   1290.0  0.9090
0   1292.5  0.9012
0   1295.0  0.8926
0   1297.5  0.8809
0   1300.0  0.8693
0   1302.5  0.8576
0   1305.0  0.8452
0   1307.5  0.8323
0   1310.0  0.8193
0   1312.5  0.8064
0   1315.0  0.7921
0   1317.5  0.7779
0   1320.0  0.7636
0   1322.5  0.7497
0   1325.0  0.7364
0   1327.5  0.7232
0   1330.0  0.7099
0   1332.5  0.6949
0   1335.0  0.6794
0   1337.5  0.6638
0   1340.0  0.6488
0   1342.5  0.6358
0   1345.0  0.6227
0   1347.5  0.6097
0   1350.0  0.5945
0   1352.5  0.5779
0   1355.0  0.5614
0   1357.5  0.5448
0   1360.0  0.5313
0   1362.5  0.5178
0   1365.0  0.5042
0   1367.5  0.4891
0   1370.0  0.4716
0   1372.5  0.4541
0   1375.0  0.4366
0   1377.5  0.4210
0   1380.0  0.4059
0   1382.5  0.3907
0   1385.0  0.3750
0   1387.5  0.3568
0   1390.0  0.3386
0   1392.5  0.3204
0   1395.0  0.3039
0   1397.5  0.2886
0   1400.0  0.2733
0   1402.5  0.2580
0   1405.0  0.2416
0   1407.5  0.2251
0   1410.0  0.2086
0   1412.5  0.1951
0   1415.0  0.1862
0   1417.5  0.1772
0   1420.0  0.1682
0   1422.5  0.1562
0   1425.0  0.1434
0   1427.5  0.1306
0   1430.0  0.1176
0   1432.5  0.1038
0   1435.0  0.0901
0   1437.5  0.0763
0   1440.0  0.0674
0   1442.5  0.0619
0   1445.0  0.0563
0   1447.5  0.0507
0   1450.0  0.0476
0   1452.5  0.0444
0   1455.0  0.0412
0   1457.5  0.0381
0   1460.0  0.0349
0   1462.5  0.0280
0   1465.0  0.0187
0   1467.5  0.0093
0   1470.0  0.0000
22  109  1200.0 1470.0 D3pX
0   1200.0  1.0000
0   1202.5  0.9966
0   1205.0  0.9932
0   1207.5  0.9898
0   1210.0  0.9863
0   1212.5  0.9829
0   1215.0  0.9795
0   1217.5  0.9761
0   1220.0  0.9727
0   1222.5  0.9693
0   1225.0  0.9659
0   1227.5  0.9624
0   1230.0  0.9590
0   1232.5  0.9567
0   1235.0  0.9560
0   1237.5  0.9553
0   1240.0  0.9546
0   1242.5  0.9539
0   1245.0  0.9532
0   1247.5  0.9524
0   1250.0  0.9517
0   1252.5  0.9510
0   1255.0  0.9503
0   1257.5  0.9496
0   1260.0  0.9489
0   1262.5  0.9482
0   1265.0  0.9475
0   1267.5  0.9468
0   1270.0  0.9461
0   1272.5  0.9441
0   1275.0  0.9374
0   1277.5  0.9306
0   1280.0  0.9239
0   1282.5  0.9171
0   1285.0  0.9103
0   1287.5  0.9074
0   1290.0  0.9055
0   1292.5  0.9035
0   1295.0  0.8987
0   1297.5  0.8828
0   1300.0  0.8668
0   1302.5  0.8509
0   1305.0  0.8379
0   1307.5  0.8270
0   1310.0  0.8160
0   1312.5  0.8051
0   1315.0  0.7911
0   1317.5  0.7770
0   1320.0  0.7630
0   1322.5  0.7485
0   1325.0  0.7333
0   1327.5  0.7181
0   1330.0  0.7029
0   1332.5  0.6895
0   1335.0  0.6765
0   1337.5  0.6635
0   1340.0  0.6504
0   1342.5  0.6369
0   1345.0  0.6233
0   1347.5  0.6098
0   1350.0  0.5953
0   1352.5  0.5800
0   1355.0  0.5647
0   1357.5  0.5495
0   1360.0  0.5330
0   1362.5  0.5166
0   1365.0  0.5001
0   1367.5  0.4839
0   1370.0  0.4681
0   1372.5  0.4522
0   1375.0  0.4364
0   1377.5  0.4194
0   1380.0  0.4021
0   1382.5  0.3847
0   1385.0  0.3677
0   1387.5  0.3519
0   1390.0  0.3361
0   1392.5  0.3203
0   1395.0  0.3044
0   1397.5  0.2885
0   1400.0  0.2726
0   1402.5  0.2567
0   1405.0  0.2359
0   1407.5  0.2151
0   1410.0  0.1944
0   1412.5  0.1819
0   1415.0  0.1818
0   1417.5  0.1816
0   1420.0  0.1815
0   1422.5  0.1654
0   1425.0  0.1454
0   1427.5  0.1254
0   1430.0  0.1069
0   1432.5  0.0947
0   1435.0  0.0824
0   1437.5  0.0701
0   1440.0  0.0621
0   1442.5  0.0570
0   1445.0  0.0518
0   1447.5  0.0467
0   1450.0  0.0448
0   1452.5  0.0428
0   1455.0  0.0409
0   1457.5  0.0390
0   1460.0  0.0371
0   1462.5  0.0303
0   1465.0  0.0202
0   1467.5  0.0101
0   1470.0  0.0000
23  109  1200.0 1470.0 D3pUp
0   1200.0  1.0000
0   1202.5  0.9962
0   1205.0  0.9923
0   1207.5  0.9885
0   1210.0  0.9846
0   1212.5  0.9808
0   1215.0  0.9769
0   1217.5  0.9731
0   1220.0  0.9692
0   1222.5  0.9654
0   1225.0  0.9615
0   1227.5  0.9577
0   1230.0  0.9538
0   1232.5  0.9512
0   1235.0  0.9503
0   1237.5  0.9494
0   1240.0  0.9485
0   1242.5  0.9476
0   1245.0  0.9467
0   1247.5  0.9458
0   1250.0  0.9450
0   1252.5  0.9441
0   1255.0  0.9432
0   1257.5  0.9423
0   1260.0  0.9414
0   1262.5  0.9405
0   1265.0  0.9396
0   1267.5  0.9387
0   1270.0  0.9378
0   1272.5  0.9368
0   1275.0  0.9352
0   1277.5  0.9336
0   1280.0  0.9319
0   1282.5  0.9303
0   1285.0  0.9287
0   1287.5  0.9181
0   1290.0  0.9053
0   1292.5  0.8925
0   1295.0  0.8795
0   1297.5  0.8656
0   1300.0  0.8517
0   1302.5  0.8378
0   1305.0  0.8255
0   1307.5  0.8142
0   1310.0  0.8030
0   1312.5  0.7918
0   1315.0  0.7801
0   1317.5  0.7685
0   1320.0  0.7568
0   1322.5  0.7439
0   1325.0  0.7291
0   1327.5  0.7143
0   1330.0  0.6995
0   1332.5  0.6852
0   1335.0  0.6710
0   1337.5  0.6567
0   1340.0  0.6423
0   1342.5  0.6268
0   1345.0  0.6113
0   1347.5  0.5958
0   1350.0  0.5803
0   1352.5  0.5648
0   1355.0  0.5494
0   1357.5  0.5339
0   1360.0  0.5206
0   1362.5  0.5072
0   1365.0  0.4939
0   1367.5  0.4798
0   1370.0  0.4644
0   1372.5  0.4490
0   1375.0  0.4336
0   1377.5  0.4145
0   1380.0  0.3945
0   1382.5  0.3744
0   1385.0  0.3555
0   1387.5  0.3406
0   1390.0  0.3258
0   1392.5  0.3109
0   1395.0  0.2948
0   1397.5  0.2778
0   1400.0  0.2608
0   1402.5  0.2437
0   1405.0  0.2231
0   1407.5  0.2024
0   1410.0  0.1817
0   1412.5  0.1693
0   1415.0  0.1693
0   1417.5  0.1693
0   1420.0  0.1692
0   1422.5  0.1518
0   1425.0  0.1300
0   1427.5  0.1082
0   1430.0  0.0898
0   1432.5  0.0847
0   1435.0  0.0797
0   1437.5  0.0746
0   1440.0  0.0702
0   1442.5  0.0662
0   1445.0  0.0621
0   1447.5  0.0581
0   1450.0  0.0519
0   1452.5  0.0458
0   1455.0  0.0396
0   1457.5  0.0335
0   1460.0  0.0273
0   1462.5  0.0207
0   1465.0  0.0138
0   1467.5  0.0069
0   1470.0  0.0000
24  109  1200.0 1470.0 D3pU
0   1200.0  1.0000
0   1202.5  0.9971
0   1205.0  0.9941
0   1207.5  0.9912
0   1210.0  0.9882
0   1212.5  0.9853
0   1215.0  0.9824
0   1217.5  0.9794
0   1220.0  0.9765
0   1222.5  0.9735
0   1225.0  0.9706
0   1227.5  0.9678
0   1230.0  0.9658
0   1232.5  0.9638
0   1235.0  0.9617
0   1237.5  0.9597
0   1240.0  0.9577
0   1242.5  0.9556
0   1245.0  0.9536
0   1247.5  0.9516
0   1250.0  0.9495
0   1252.5  0.9475
0   1255.0  0.9455
0   1257.5  0.9434
0   1260.0  0.9414
0   1262.5  0.9394
0   1265.0  0.9373
0   1267.5  0.9353
0   1270.0  0.9305
0   1272.5  0.9257
0   1275.0  0.9210
0   1277.5  0.9162
0   1280.0  0.9114
0   1282.5  0.9066
0   1285.0  0.9018
0   1287.5  0.8971
0   1290.0  0.8923
0   1292.5  0.8832
0   1295.0  0.8740
0   1297.5  0.8649
0   1300.0  0.8558
0   1302.5  0.8467
0   1305.0  0.8355
0   1307.5  0.8228
0   1310.0  0.8102
0   1312.5  0.7976
0   1315.0  0.7827
0   1317.5  0.7679
0   1320.0  0.7531
0   1322.5  0.7388
0   1325.0  0.7252
0   1327.5  0.7116
0   1330.0  0.6980
0   1332.5  0.6845
0   1335.0  0.6711
0   1337.5  0.6577
0   1340.0  0.6441
0   1342.5  0.6300
0   1345.0  0.6159
0   1347.5  0.6018
0   1350.0  0.5874
0   1352.5  0.5728
0   1355.0  0.5582
0   1357.5  0.5436
0   1360.0  0.5265
0   1362.5  0.5094
0   1365.0  0.4923
0   1367.5  0.4757
0   1370.0  0.4600
0   1372.5  0.4443
0   1375.0  0.4286
0   1377.5  0.4122
0   1380.0  0.3955
0   1382.5  0.3789
0   1385.0  0.3622
0   1387.5  0.3453
0   1390.0  0.3284
0   1392.5  0.3115
0   1395.0  0.2957
0   1397.5  0.2808
0   1400.0  0.2658
0   1402.5  0.2508
0   1405.0  0.2367
0   1407.5  0.2227
0   1410.0  0.2086
0   1412.5  0.1942
0   1415.0  0.1793
0   1417.5  0.1644
0   1420.0  0.1495
0   1422.5  0.1387
0   1425.0  0.1288
0   1427.5  0.1189
0   1430.0  0.1092
0   1432.5  0.0998
0   1435.0  0.0905
0   1437.5  0.0812
0   1440.0  0.0748
0   1442.5  0.0703
0   1445.0  0.0659
0   1447.5  0.0614
0   1450.0  0.0570
0   1452.5  0.0525
0   1455.0  0.0481
0   1457.5  0.0421
0   1460.0  0.0336
0   1462.5  0.0252
0   1465.0  0.0168
0   1467.5  0.0084
0   1470.0  0.0000
25  85  1380.0 1590.0 D3mVp
0   1380.0  1.0000
0   1382.5  0.9946
0   1385.0  0.9892
0   1387.5  0.9838
0   1390.0  0.9785
0   1392.5  0.9731
0   1395.0  0.9677
0   1397.5  0.9623
0   1400.0  0.9610
0   1402.5  0.9597
0   1405.0  0.9584
0   1407.5  0.9572
0   1410.0  0.9559
0   1412.5  0.9546
0   1415.0  0.9533
0   1417.5  0.9520
0   1420.0  0.9507
0   1422.5  0.9475
0   1425.0  0.9364
0   1427.5  0.9253
0   1430.0  0.9143
0   1432.5  0.9032
0   1435.0  0.8904
0   1437.5  0.8776
0   1440.0  0.8640
0   1442.5  0.8468
0   1445.0  0.8296
0   1447.5  0.8125
0   1450.0  0.7956
0   1452.5  0.7786
0   1455.0  0.7616
0   1457.5  0.7445
0   1460.0  0.7275
0   1462.5  0.7084
0   1465.0  0.6888
0   1467.5  0.6693
0   1470.0  0.6435
0   1472.5  0.6176
0   1475.0  0.5937
0   1477.5  0.5769
0   1480.0  0.5602
0   1482.5  0.5399
0   1485.0  0.5142
0   1487.5  0.4886
0   1490.0  0.4659
0   1492.5  0.4451
0   1495.0  0.4244
0   1497.5  0.4075
0   1500.0  0.3916
0   1502.5  0.3757
0   1505.0  0.3526
0   1507.5  0.3296
0   1510.0  0.3085
0   1512.5  0.2953
0   1515.0  0.2821
0   1517.5  0.2633
0   1520.0  0.2360
0   1522.5  0.2088
0   1525.0  0.1953
0   1527.5  0.1909
0   1530.0  0.1865
0   1532.5  0.1842
0   1535.0  0.1824
0   1537.5  0.1806
0   1540.0  0.1590
0   1542.5  0.1374
0   1545.0  0.1191
0   1547.5  0.1144
0   1550.0  0.1097
0   1552.5  0.1033
0   1555.0  0.0944
0   1557.5  0.0855
0   1560.0  0.0766
0   1562.5  0.0683
0   1565.0  0.0624
0   1567.5  0.0564
0   1570.0  0.0505
0   1572.5  0.0446
0   1575.0  0.0386
0   1577.5  0.0327
0   1580.0  0.0266
0   1582.5  0.0200
0   1585.0  0.0133
0   1587.5  0.0067
0   1590.0  0.0000
26  85  1380.0 1590.0 D3mV
0   1380.0  1.0000
0   1382.5  0.9968
0   1385.0  0.9936
0   1387.5  0.9904
0   1390.0  0.9872
0   1392.5  0.9840
0   1395.0  0.9808
0   1397.5  0.9776
0   1400.0  0.9742
0   1402.5  0.9708
0   1405.0  0.9675
0   1407.5  0.9641
0   1410.0  0.9607
0   1412.5  0.9574
0   1415.0  0.9540
0   1417.5  0.9506
0   1420.0  0.9473
0   1422.5  0.9431
0   1425.0  0.9361
0   1427.5  0.9290
0   1430.0  0.9219
0   1432.5  0.9149
0   1435.0  0.8986
0   1437.5  0.8823
0   1440.0  0.8662
0   1442.5  0.8508
0   1445.0  0.8353
0   1447.5  0.8195
0   1450.0  0.8030
0   1452.5  0.7864
0   1455.0  0.7695
0   1457.5  0.7522
0   1460.0  0.7349
0   1462.5  0.7152
0   1465.0  0.6948
0   1467.5  0.6744
0   1470.0  0.6510
0   1472.5  0.6276
0   1475.0  0.6049
0   1477.5  0.5850
0   1480.0  0.5652
0   1482.5  0.5449
0   1485.0  0.5238
0   1487.5  0.5027
0   1490.0  0.4831
0   1492.5  0.4645
0   1495.0  0.4459
0   1497.5  0.4256
0   1500.0  0.4048
0   1502.5  0.3841
0   1505.0  0.3646
0   1507.5  0.3451
0   1510.0  0.3259
0   1512.5  0.3077
0   1515.0  0.2895
0   1517.5  0.2722
0   1520.0  0.2563
0   1522.5  0.2404
0   1525.0  0.2253
0   1527.5  0.2107
0   1530.0  0.1962
0   1532.5  0.1838
0   1535.0  0.1720
0   1537.5  0.1602
0   1540.0  0.1507
0   1542.5  0.1412
0   1545.0  0.1322
0   1547.5  0.1253
0   1550.0  0.1184
0   1552.5  0.1105
0   1555.0  0.1013
0   1557.5  0.0921
0   1560.0  0.0828
0   1562.5  0.0747
0   1565.0  0.0711
0   1567.5  0.0674
0   1570.0  0.0637
0   1572.5  0.0601
0   1575.0  0.0564
0   1577.5  0.0528
0   1580.0  0.0475
0   1582.5  0.0356
0   1585.0  0.0237
0   1587.5  0.0119
0   1590.0  0.0000
27  85  1380.0 1590.0 D3mXp
0   1380.0  1.0000
0   1382.5  0.9954
0   1385.0  0.9908
0   1387.5  0.9862
0   1390.0  0.9817
0   1392.5  0.9771
0   1395.0  0.9725
0   1397.5  0.9679
0   1400.0  0.9633
0   1402.5  0.9601
0   1405.0  0.9578
0   1407.5  0.9554
0   1410.0  0.9531
0   1412.5  0.9508
0   1415.0  0.9485
0   1417.5  0.9461
0   1420.0  0.9438
0   1422.5  0.9415
0   1425.0  0.9392
0   1427.5  0.9314
0   1430.0  0.9223
0   1432.5  0.9131
0   1435.0  0.9004
0   1437.5  0.8878
0   1440.0  0.8740
0   1442.5  0.8561
0   1445.0  0.8382
0   1447.5  0.8209
0   1450.0  0.8044
0   1452.5  0.7880
0   1455.0  0.7696
0   1457.5  0.7499
0   1460.0  0.7302
0   1462.5  0.7117
0   1465.0  0.6935
0   1467.5  0.6752
0   1470.0  0.6527
0   1472.5  0.6302
0   1475.0  0.6077
0   1477.5  0.5858
0   1480.0  0.5639
0   1482.5  0.5429
0   1485.0  0.5235
0   1487.5  0.5041
0   1490.0  0.4857
0   1492.5  0.4680
0   1495.0  0.4504
0   1497.5  0.4296
0   1500.0  0.4080
0   1502.5  0.3865
0   1505.0  0.3698
0   1507.5  0.3530
0   1510.0  0.3356
0   1512.5  0.3155
0   1515.0  0.2953
0   1517.5  0.2777
0   1520.0  0.2637
0   1522.5  0.2497
0   1525.0  0.2307
0   1527.5  0.2083
0   1530.0  0.1859
0   1532.5  0.1788
0   1535.0  0.1754
0   1537.5  0.1721
0   1540.0  0.1582
0   1542.5  0.1443
0   1545.0  0.1290
0   1547.5  0.1082
0   1550.0  0.0874
0   1552.5  0.0749
0   1555.0  0.0748
0   1557.5  0.0747
0   1560.0  0.0746
0   1562.5  0.0737
0   1565.0  0.0697
0   1567.5  0.0656
0   1570.0  0.0615
0   1572.5  0.0574
0   1575.0  0.0533
0   1577.5  0.0492
0   1580.0  0.0437
0   1582.5  0.0328
0   1585.0  0.0219
0   1587.5  0.0109
0   1590.0  0.0000
28  85  1380.0 1590.0 D3mX
0   1380.0  1.0000
0   1382.5  0.9961
0   1385.0  0.9921
0   1387.5  0.9882
0   1390.0  0.9843
0   1392.5  0.9804
0   1395.0  0.9764
0   1397.5  0.9725
0   1400.0  0.9695
0   1402.5  0.9666
0   1405.0  0.9636
0   1407.5  0.9606
0   1410.0  0.9577
0   1412.5  0.9547
0   1415.0  0.9517
0   1417.5  0.9488
0   1420.0  0.9458
0   1422.5  0.9413
0   1425.0  0.9309
0   1427.5  0.9205
0   1430.0  0.9101
0   1432.5  0.8997
0   1435.0  0.8906
0   1437.5  0.8814
0   1440.0  0.8711
0   1442.5  0.8557
0   1445.0  0.8404
0   1447.5  0.8246
0   1450.0  0.8080
0   1452.5  0.7915
0   1455.0  0.7742
0   1457.5  0.7564
0   1460.0  0.7386
0   1462.5  0.7174
0   1465.0  0.6955
0   1467.5  0.6735
0   1470.0  0.6523
0   1472.5  0.6311
0   1475.0  0.6100
0   1477.5  0.5889
0   1480.0  0.5677
0   1482.5  0.5467
0   1485.0  0.5256
0   1487.5  0.5046
0   1490.0  0.4840
0   1492.5  0.4635
0   1495.0  0.4431
0   1497.5  0.4226
0   1500.0  0.4020
0   1502.5  0.3814
0   1505.0  0.3654
0   1507.5  0.3493
0   1510.0  0.3328
0   1512.5  0.3143
0   1515.0  0.2958
0   1517.5  0.2771
0   1520.0  0.2581
0   1522.5  0.2391
0   1525.0  0.2249
0   1527.5  0.2140
0   1530.0  0.2031
0   1532.5  0.1907
0   1535.0  0.1779
0   1537.5  0.1652
0   1540.0  0.1530
0   1542.5  0.1408
0   1545.0  0.1294
0   1547.5  0.1212
0   1550.0  0.1129
0   1552.5  0.1048
0   1555.0  0.0967
0   1557.5  0.0887
0   1560.0  0.0806
0   1562.5  0.0731
0   1565.0  0.0677
0   1567.5  0.0624
0   1570.0  0.0570
0   1572.5  0.0516
0   1575.0  0.0462
0   1577.5  0.0408
0   1580.0  0.0347
0   1582.5  0.0261
0   1585.0  0.0174
0   1587.5  0.0087
0   1590.0  0.0000
29  85  1380.0 1590.0 D3mUp
0   1380.0  1.0000
0   1382.5  0.9961
0   1385.0  0.9922
0   1387.5  0.9883
0   1390.0  0.9844
0   1392.5  0.9805
0   1395.0  0.9766
0   1397.5  0.9727
0   1400.0  0.9688
0   1402.5  0.9654
0   1405.0  0.9624
0   1407.5  0.9593
0   1410.0  0.9563
0   1412.5  0.9533
0   1415.0  0.9503
0   1417.5  0.9472
0   1420.0  0.9442
0   1422.5  0.9412
0   1425.0  0.9382
0   1427.5  0.9309
0   1430.0  0.9226
0   1432.5  0.9143
0   1435.0  0.8975
0   1437.5  0.8807
0   1440.0  0.8645
0   1442.5  0.8506
0   1445.0  0.8366
0   1447.5  0.8209
0   1450.0  0.8025
0   1452.5  0.7842
0   1455.0  0.7671
0   1457.5  0.7510
0   1460.0  0.7349
0   1462.5  0.7163
0   1465.0  0.6972
0   1467.5  0.6781
0   1470.0  0.6553
0   1472.5  0.6325
0   1475.0  0.6095
0   1477.5  0.5858
0   1480.0  0.5621
0   1482.5  0.5398
0   1485.0  0.5196
0   1487.5  0.4994
0   1490.0  0.4784
0   1492.5  0.4568
0   1495.0  0.4351
0   1497.5  0.4156
0   1500.0  0.3965
0   1502.5  0.3775
0   1505.0  0.3578
0   1507.5  0.3381
0   1510.0  0.3186
0   1512.5  0.2998
0   1515.0  0.2811
0   1517.5  0.2652
0   1520.0  0.2538
0   1522.5  0.2424
0   1525.0  0.2275
0   1527.5  0.2102
0   1530.0  0.1929
0   1532.5  0.1797
0   1535.0  0.1674
0   1537.5  0.1552
0   1540.0  0.1434
0   1542.5  0.1315
0   1545.0  0.1197
0   1547.5  0.1078
0   1550.0  0.0994
0   1552.5  0.0918
0   1555.0  0.0841
0   1557.5  0.0765
0   1560.0  0.0689
0   1562.5  0.0620
0   1565.0  0.0582
0   1567.5  0.0544
0   1570.0  0.0506
0   1572.5  0.0467
0   1575.0  0.0429
0   1577.5  0.0391
0   1580.0  0.0343
0   1582.5  0.0257
0   1585.0  0.0172
0   1587.5  0.0086
0   1590.0  0.0000
30  85  1380.0 1590.0 D3mU
0   1380.0  1.0000
0   1382.5  0.9948
0   1385.0  0.9897
0   1387.5  0.9845
0   1390.0  0.9793
0   1392.5  0.9742
0   1395.0  0.9690
0   1397.5  0.9638
0   1400.0  0.9604
0   1402.5  0.9570
0   1405.0  0.9536
0   1407.5  0.9501
0   1410.0  0.9467
0   1412.5  0.9433
0   1415.0  0.9399
0   1417.5  0.9364
0   1420.0  0.9330
0   1422.5  0.9295
0   1425.0  0.9259
0   1427.5  0.9223
0   1430.0  0.9186
0   1432.5  0.9150
0   1435.0  0.8958
0   1437.5  0.8766
0   1440.0  0.8585
0   1442.5  0.8447
0   1445.0  0.8310
0   1447.5  0.8161
0   1450.0  0.7996
0   1452.5  0.7832
0   1455.0  0.7646
0   1457.5  0.7447
0   1460.0  0.7248
0   1462.5  0.7041
0   1465.0  0.6832
0   1467.5  0.6622
0   1470.0  0.6416
0   1472.5  0.6210
0   1475.0  0.6003
0   1477.5  0.5795
0   1480.0  0.5587
0   1482.5  0.5375
0   1485.0  0.5156
0   1487.5  0.4938
0   1490.0  0.4730
0   1492.5  0.4530
0   1495.0  0.4329
0   1497.5  0.4128
0   1500.0  0.3925
0   1502.5  0.3723
0   1505.0  0.3524
0   1507.5  0.3324
0   1510.0  0.3123
0   1512.5  0.2913
0   1515.0  0.2704
0   1517.5  0.2530
0   1520.0  0.2408
0   1522.5  0.2286
0   1525.0  0.2159
0   1527.5  0.2027
0   1530.0  0.1895
0   1532.5  0.1749
0   1535.0  0.1600
0   1537.5  0.1450
0   1540.0  0.1350
0   1542.5  0.1251
0   1545.0  0.1156
0   1547.5  0.1079
0   1550.0  0.1002
0   1552.5  0.0925
0   1555.0  0.0848
0   1557.5  0.0798
0   1560.0  0.0749
0   1562.5  0.0700
0   1565.0  0.0651
0   1567.5  0.0601
0   1570.0  0.0552
0   1572.5  0.0503
0   1575.0  0.0454
0   1577.5  0.0387
0   1580.0  0.0310
0   1582.5  0.0232
0   1585.0  0.0155
0   1587.5  0.0077
0   1590.0  0.0000
47  132  400  1060  P1Y1
0  402.5  2.38125
0  407.5  2.38052
0  412.5  2.37986
0  417.5  2.37901
0  422.5  2.37797
0  427.5  2.37704
0  432.5  2.37583
0  437.5  2.37415
0  442.5  2.37223
0  447.5  2.3701
0  452.5  2.36768
0  457.5  2.36544
0  462.5  2.36234
0  467.5  2.35942
0  472.5  2.35652
0  477.5  2.35352
0  482.5  2.35005
0  487.5  2.34665
0  492.5  2.34264
0  497.5  2.33899
0  502.5  2.33443
0  507.5  2.32678
0  512.5  2.31981
0  517.5  2.31251
0  522.5  2.30434
0  527.5  2.29623
0  532.5  2.28717
0  537.5  2.27818
0  542.5  2.26856
0  547.5  2.25942
0  552.5  2.24958
0  557.5  2.23915
0  562.5  2.22741
0  567.5  2.21776
0  572.5  2.20649
0  577.5  2.19445
0  582.5  2.1818
0  587.5  2.17008
0  592.5  2.15889
0  597.5  2.14683
0  602.5  2.13343
0  607.5  2.12094
0  612.5  2.1077
0  617.5  2.09455
0  622.5  2.08047
0  627.5  2.06627
0  632.5  2.05184
0  637.5  2.03865
0  642.5  2.02412
0  647.5  2.00989
0  652.5  1.99586
0  657.5  1.98203
0  662.5  1.96672
0  667.5  1.95282
0  672.5  1.93757
0  677.5  1.92299
0  682.5  1.90566
0  687.5  1.89174
0  692.5  1.87703
0  697.5  1.86142
0  702.5  1.84547
0  707.5  1.82893
0  712.5  1.81185
0  717.5  1.79539
0  722.5  1.77778
0  727.5  1.76016
0  732.5  1.74407
0  737.5  1.72604
0  742.5  1.70604
0  747.5  1.68819
0  752.5  1.67071
0  757.5  1.65233
0  762.5  1.63203
0  767.5  1.6143
0  772.5  1.59602
0  777.5  1.5769
0  782.5  1.55462
0  787.5  1.53505
0  792.5  1.51458
0  797.5  1.49348
0  802.5  1.47043
0  807.5  1.44895
0  812.5  1.42727
0  817.5  1.40519
0  822.5  1.38023
0  827.5  1.35589
0  832.5  1.33158
0  837.5  1.30713
0  842.5  1.27933
0  847.5  1.25399
0  852.5  1.22809
0  857.5  1.20033
0  862.5  1.16774
0  867.5  1.13889
0  872.5  1.10991
0  877.5  1.08012
0  882.5  1.04445
0  887.5  1.0128
0  892.5  0.977951
0  897.5  0.941908
0  902.5  0.90341
0  907.5  0.865576
0  912.5  0.825419
0  917.5  0.784981
0  922.5  0.739384
0  927.5  0.695596
0  932.5  0.64975
0  937.5  0.60072
0  942.5  0.546
0  947.5  0.496572
0  952.5  0.44517
0  957.5  0.394896
0  962.5  0.341487
0  967.5  0.295707
0  972.5  0.252184
0  977.5  0.212691
0  982.5  0.174774
0  987.5  0.144503
0  992.5  0.117566
0  997.5  0.0948426
0  1002.5  0.0752538
0  1007.5  0.0609892
0  1012.5  0.04908
0  1017.5  0.0394099
0  1022.5  0.0305029
0  1027.5  0.023719
0  1032.5  0.0189254
0  1037.5  0.0148451
0  1042.5  0.0106652
0  1047.5  0.00774598
0  1052.5  0.00484331
0  1057.5  0.00270363
48  132  400  1060  P1Y2
0  402.5  2.38125
0  407.5  2.38052
0  412.5  2.37986
0  417.5  2.37901
0  422.5  2.37797
0  427.5  2.37704
0  432.5  2.37583
0  437.5  2.37415
0  442.5  2.37223
0  447.5  2.3701
0  452.5  2.36768
0  457.5  2.36544
0  462.5  2.36234
0  467.5  2.35942
0  472.5  2.35652
0  477.5  2.35352
0  482.5  2.35005
0  487.5  2.34665
0  492.5  2.34264
0  497.5  2.33899
0  502.5  2.33443
0  507.5  2.32678
0  512.5  2.31981
0  517.5  2.31251
0  522.5  2.30434
0  527.5  2.29623
0  532.5  2.28717
0  537.5  2.27818
0  542.5  2.26856
0  547.5  2.25942
0  552.5  2.24958
0  557.5  2.23915
0  562.5  2.22741
0  567.5  2.21776
0  572.5  2.20649
0  577.5  2.19445
0  582.5  2.1818
0  587.5  2.17008
0  592.5  2.15889
0  597.5  2.14683
0  602.5  2.13343
0  607.5  2.12094
0  612.5  2.1077
0  617.5  2.09455
0  622.5  2.08047
0  627.5  2.06627
0  632.5  2.05184
0  637.5  2.03865
0  642.5  2.02412
0  647.5  2.00989
0  652.5  1.99586
0  657.5  1.98203
0  662.5  1.96672
0  667.5  1.95282
0  672.5  1.93757
0  677.5  1.92299
0  682.5  1.90566
0  687.5  1.89174
0  692.5  1.87703
0  697.5  1.86142
0  702.5  1.84547
0  707.5  1.82893
0  712.5  1.81185
0  717.5  1.79539
0  722.5  1.77778
0  727.5  1.76016
0  732.5  1.74407
0  737.5  1.72604
0  742.5  1.70604
0  747.5  1.68819
0  752.5  1.67071
0  757.5  1.65233
0  762.5  1.63203
0  767.5  1.6143
0  772.5  1.59602
0  777.5  1.5769
0  782.5  1.55462
0  787.5  1.53505
0  792.5  1.51458
0  797.5  1.49348
0  802.5  1.47043
0  807.5  1.44895
0  812.5  1.42727
0  817.5  1.40519
0  822.5  1.38023
0  827.5  1.35589
0  832.5  1.33158
0  837.5  1.30713
0  842.5  1.27933
0  847.5  1.25399
0  852.5  1.22809
0  857.5  1.20033
0  862.5  1.16774
0  867.5  1.13889
0  872.5  1.10991
0  877.5  1.08012
0  882.5  1.04445
0  887.5  1.0128
0  892.5  0.977951
0  897.5  0.941908
0  902.5  0.90341
0  907.5  0.865576
0  912.5  0.825419
0  917.5  0.784981
0  922.5  0.739384
0  927.5  0.695596
0  932.5  0.64975
0  937.5  0.60072
0  942.5  0.546
0  947.5  0.496572
0  952.5  0.44517
0  957.5  0.394896
0  962.5  0.341487
0  967.5  0.295707
0  972.5  0.252184
0  977.5  0.212691
0  982.5  0.174774
0  987.5  0.144503
0  992.5  0.117566
0  997.5  0.0948426
0  1002.5  0.0752538
0  1007.5  0.0609892
0  1012.5  0.04908
0  1017.5  0.0394099
0  1022.5  0.0305029
0  1027.5  0.023719
0  1032.5  0.0189254
0  1037.5  0.0148451
0  1042.5  0.0106652
0  1047.5  0.00774598
0  1052.5  0.00484331
0  1057.5  0.00270363
49  132  400  1060  P1X1
0  402.5  2.38125
0  407.5  2.38087
0  412.5  2.3804
0  417.5  2.38002
0  422.5  2.37964
0  427.5  2.37929
0  432.5  2.37884
0  437.5  2.37846
0  442.5  2.37799
0  447.5  2.37751
0  452.5  2.37688
0  457.5  2.37631
0  462.5  2.37571
0  467.5  2.37504
0  472.5  2.37428
0  477.5  2.37352
0  482.5  2.37243
0  487.5  2.37135
0  492.5  2.37
0  497.5  2.36862
0  502.5  2.36711
0  507.5  2.36408
0  512.5  2.36075
0  517.5  2.3572
0  522.5  2.35328
0  527.5  2.34886
0  532.5  2.3438
0  537.5  2.33805
0  542.5  2.33048
0  547.5  2.32373
0  552.5  2.31559
0  557.5  2.30714
0  562.5  2.29738
0  567.5  2.28768
0  572.5  2.27776
0  577.5  2.26672
0  582.5  2.25334
0  587.5  2.24141
0  592.5  2.22944
0  597.5  2.21726
0  602.5  2.20291
0  607.5  2.18993
0  612.5  2.17646
0  617.5  2.16302
0  622.5  2.1477
0  627.5  2.13359
0  632.5  2.1186
0  637.5  2.10446
0  642.5  2.08787
0  647.5  2.07306
0  652.5  2.05747
0  657.5  2.04274
0  662.5  2.02517
0  667.5  2.00837
0  672.5  1.99256
0  677.5  1.97621
0  682.5  1.95838
0  687.5  1.94142
0  692.5  1.92424
0  697.5  1.90765
0  702.5  1.88947
0  707.5  1.87208
0  712.5  1.85507
0  717.5  1.83674
0  722.5  1.81697
0  727.5  1.79858
0  732.5  1.77962
0  737.5  1.76097
0  742.5  1.73912
0  747.5  1.71918
0  752.5  1.69963
0  757.5  1.68059
0  762.5  1.65866
0  767.5  1.63844
0  772.5  1.61649
0  777.5  1.59448
0  782.5  1.57098
0  787.5  1.54869
0  792.5  1.52644
0  797.5  1.50347
0  802.5  1.4779
0  807.5  1.45497
0  812.5  1.43034
0  817.5  1.40618
0  822.5  1.3784
0  827.5  1.35391
0  832.5  1.32788
0  837.5  1.30088
0  842.5  1.27166
0  847.5  1.24322
0  852.5  1.21479
0  857.5  1.18526
0  862.5  1.15267
0  867.5  1.12227
0  872.5  1.09127
0  877.5  1.05938
0  882.5  1.02387
0  887.5  0.989698
0  892.5  0.954073
0  897.5  0.91778
0  902.5  0.875731
0  907.5  0.837206
0  912.5  0.797678
0  917.5  0.756662
0  922.5  0.710119
0  927.5  0.665063
0  932.5  0.61975
0  937.5  0.572493
0  942.5  0.520573
0  947.5  0.470993
0  952.5  0.420471
0  957.5  0.369022
0  962.5  0.312973
0  967.5  0.263893
0  972.5  0.221009
0  977.5  0.181375
0  982.5  0.145629
0  987.5  0.118082
0  992.5  0.093254
0  997.5  0.0729055
0  1002.5  0.0557763
0  1007.5  0.0434912
0  1012.5  0.0333321
0  1017.5  0.0253749
0  1022.5  0.0178885
0  1027.5  0.0129988
0  1032.5  0.00882276
0  1037.5  0.00549714
0  1042.5  0.00369007
0  1047.5  0.0027182
0  1052.5  0.00182226
0  1057.5  0.000987056
50  132  400  1060  P1X2
0  402.5  2.38125
0  407.5  2.38087
0  412.5  2.3804
0  417.5  2.38002
0  422.5  2.37964
0  427.5  2.37929
0  432.5  2.37884
0  437.5  2.37846
0  442.5  2.37799
0  447.5  2.37751
0  452.5  2.37688
0  457.5  2.37631
0  462.5  2.37571
0  467.5  2.37504
0  472.5  2.37428
0  477.5  2.37352
0  482.5  2.37243
0  487.5  2.37135
0  492.5  2.37
0  497.5  2.36862
0  502.5  2.36711
0  507.5  2.36408
0  512.5  2.36075
0  517.5  2.3572
0  522.5  2.35328
0  527.5  2.34886
0  532.5  2.3438
0  537.5  2.33805
0  542.5  2.33048
0  547.5  2.32373
0  552.5  2.31559
0  557.5  2.30714
0  562.5  2.29738
0  567.5  2.28768
0  572.5  2.27776
0  577.5  2.26672
0  582.5  2.25334
0  587.5  2.24141
0  592.5  2.22944
0  597.5  2.21726
0  602.5  2.20291
0  607.5  2.18993
0  612.5  2.17646
0  617.5  2.16302
0  622.5  2.1477
0  627.5  2.13359
0  632.5  2.1186
0  637.5  2.10446
0  642.5  2.08787
0  647.5  2.07306
0  652.5  2.05747
0  657.5  2.04274
0  662.5  2.02517
0  667.5  2.00837
0  672.5  1.99256
0  677.5  1.97621
0  682.5  1.95838
0  687.5  1.94142
0  692.5  1.92424
0  697.5  1.90765
0  702.5  1.88947
0  707.5  1.87208
0  712.5  1.85507
0  717.5  1.83674
0  722.5  1.81697
0  727.5  1.79858
0  732.5  1.77962
0  737.5  1.76097
0  742.5  1.73912
0  747.5  1.71918
0  752.5  1.69963
0  757.5  1.68059
0  762.5  1.65866
0  767.5  1.63844
0  772.5  1.61649
0  777.5  1.59448
0  782.5  1.57098
0  787.5  1.54869
0  792.5  1.52644
0  797.5  1.50347
0  802.5  1.4779
0  807.5  1.45497
0  812.5  1.43034
0  817.5  1.40618
0  822.5  1.3784
0  827.5  1.35391
0  832.5  1.32788
0  837.5  1.30088
0  842.5  1.27166
0  847.5  1.24322
0  852.5  1.21479
0  857.5  1.18526
0  862.5  1.15267
0  867.5  1.12227
0  872.5  1.09127
0  877.5  1.05938
0  882.5  1.02387
0  887.5  0.989698
0  892.5  0.954073
0  897.5  0.91778
0  902.5  0.875731
0  907.5  0.837206
0  912.5  0.797678
0  917.5  0.756662
0  922.5  0.710119
0  927.5  0.665063
0  932.5  0.61975
0  937.5  0.572493
0  942.5  0.520573
0  947.5  0.470993
0  952.5  0.420471
0  957.5  0.369022
0  962.5  0.312973
0  967.5  0.263893
0  972.5  0.221009
0  977.5  0.181375
0  982.5  0.145629
0  987.5  0.118082
0  992.5  0.093254
0  997.5  0.0729055
0  1002.5  0.0557763
0  1007.5  0.0434912
0  1012.5  0.0333321
0  1017.5  0.0253749
0  1022.5  0.0178885
0  1027.5  0.0129988
0  1032.5  0.00882276
0  1037.5  0.00549714
0  1042.5  0.00369007
0  1047.5  0.0027182
0  1052.5  0.00182226
0  1057.5  0.000987056
51  132  400  1060  P2X1
0  402.5  2.38125
0  407.5  2.38084
0  412.5  2.38034
0  417.5  2.37997
0  422.5  2.3795
0  427.5  2.37883
0  432.5  2.37825
0  437.5  2.37755
0  442.5  2.37663
0  447.5  2.37573
0  452.5  2.37485
0  457.5  2.37364
0  462.5  2.37242
0  467.5  2.37093
0  472.5  2.36947
0  477.5  2.36806
0  482.5  2.36599
0  487.5  2.36425
0  492.5  2.36192
0  497.5  2.35963
0  502.5  2.35715
0  507.5  2.3523
0  512.5  2.34698
0  517.5  2.34142
0  522.5  2.3344
0  527.5  2.3277
0  532.5  2.32073
0  537.5  2.31271
0  542.5  2.30365
0  547.5  2.29445
0  552.5  2.28472
0  557.5  2.27477
0  562.5  2.26281
0  567.5  2.25211
0  572.5  2.24065
0  577.5  2.22854
0  582.5  2.21476
0  587.5  2.20186
0  592.5  2.18939
0  597.5  2.1763
0  602.5  2.16226
0  607.5  2.14912
0  612.5  2.13511
0  617.5  2.12053
0  622.5  2.10533
0  627.5  2.09164
0  632.5  2.07724
0  637.5  2.06231
0  642.5  2.0458
0  647.5  2.03039
0  652.5  2.01632
0  657.5  2.00101
0  662.5  1.98396
0  667.5  1.96809
0  672.5  1.95229
0  677.5  1.93615
0  682.5  1.91845
0  687.5  1.90163
0  692.5  1.88528
0  697.5  1.86877
0  702.5  1.85067
0  707.5  1.83354
0  712.5  1.81639
0  717.5  1.79827
0  722.5  1.77878
0  727.5  1.7603
0  732.5  1.7424
0  737.5  1.72344
0  742.5  1.70255
0  747.5  1.68249
0  752.5  1.66276
0  757.5  1.64319
0  762.5  1.62241
0  767.5  1.60224
0  772.5  1.5816
0  777.5  1.56058
0  782.5  1.53699
0  787.5  1.51449
0  792.5  1.49205
0  797.5  1.46903
0  802.5  1.44469
0  807.5  1.42055
0  812.5  1.3965
0  817.5  1.37171
0  822.5  1.34354
0  827.5  1.3186
0  832.5  1.29248
0  837.5  1.26568
0  842.5  1.23562
0  847.5  1.20667
0  852.5  1.17723
0  857.5  1.14702
0  862.5  1.11217
0  867.5  1.08011
0  872.5  1.04782
0  877.5  1.01256
0  882.5  0.97437
0  887.5  0.937767
0  892.5  0.900189
0  897.5  0.860278
0  902.5  0.816145
0  907.5  0.773856
0  912.5  0.728106
0  917.5  0.683225
0  922.5  0.630326
0  927.5  0.581466
0  932.5  0.530915
0  937.5  0.477893
0  942.5  0.419064
0  947.5  0.364869
0  952.5  0.311192
0  957.5  0.26032
0  962.5  0.210195
0  967.5  0.169751
0  972.5  0.134581
0  977.5  0.106195
0  982.5  0.0813157
0  987.5  0.0633116
0  992.5  0.0494846
0  997.5  0.0390571
0  1002.5  0.0296511
0  1007.5  0.0234922
0  1012.5  0.0185986
0  1017.5  0.0147569
0  1022.5  0.0108543
0  1027.5  0.00812547
0  1032.5  0.00618938
0  1037.5  0.00486309
0  1042.5  0.00373497
0  1047.5  0.00275931
0  1052.5  0.00184462
0  1057.5  0.000990911
52  132  400  1060  P2X2
0  402.5  2.38125
0  407.5  2.38084
0  412.5  2.38034
0  417.5  2.37997
0  422.5  2.3795
0  427.5  2.37883
0  432.5  2.37825
0  437.5  2.37755
0  442.5  2.37663
0  447.5  2.37573
0  452.5  2.37485
0  457.5  2.37364
0  462.5  2.37242
0  467.5  2.37093
0  472.5  2.36947
0  477.5  2.36806
0  482.5  2.36599
0  487.5  2.36425
0  492.5  2.36192
0  497.5  2.35963
0  502.5  2.35715
0  507.5  2.3523
0  512.5  2.34698
0  517.5  2.34142
0  522.5  2.3344
0  527.5  2.3277
0  532.5  2.32073
0  537.5  2.31271
0  542.5  2.30365
0  547.5  2.29445
0  552.5  2.28472
0  557.5  2.27477
0  562.5  2.26281
0  567.5  2.25211
0  572.5  2.24065
0  577.5  2.22854
0  582.5  2.21476
0  587.5  2.20186
0  592.5  2.18939
0  597.5  2.1763
0  602.5  2.16226
0  607.5  2.14912
0  612.5  2.13511
0  617.5  2.12053
0  622.5  2.10533
0  627.5  2.09164
0  632.5  2.07724
0  637.5  2.06231
0  642.5  2.0458
0  647.5  2.03039
0  652.5  2.01632
0  657.5  2.00101
0  662.5  1.98396
0  667.5  1.96809
0  672.5  1.95229
0  677.5  1.93615
0  682.5  1.91845
0  687.5  1.90163
0  692.5  1.88528
0  697.5  1.86877
0  702.5  1.85067
0  707.5  1.83354
0  712.5  1.81639
0  717.5  1.79827
0  722.5  1.77878
0  727.5  1.7603
0  732.5  1.7424
0  737.5  1.72344
0  742.5  1.70255
0  747.5  1.68249
0  752.5  1.66276
0  757.5  1.64319
0  762.5  1.62241
0  767.5  1.60224
0  772.5  1.5816
0  777.5  1.56058
0  782.5  1.53699
0  787.5  1.51449
0  792.5  1.49205
0  797.5  1.46903
0  802.5  1.44469
0  807.5  1.42055
0  812.5  1.3965
0  817.5  1.37171
0  822.5  1.34354
0  827.5  1.3186
0  832.5  1.29248
0  837.5  1.26568
0  842.5  1.23562
0  847.5  1.20667
0  852.5  1.17723
0  857.5  1.14702
0  862.5  1.11217
0  867.5  1.08011
0  872.5  1.04782
0  877.5  1.01256
0  882.5  0.97437
0  887.5  0.937767
0  892.5  0.900189
0  897.5  0.860278
0  902.5  0.816145
0  907.5  0.773856
0  912.5  0.728106
0  917.5  0.683225
0  922.5  0.630326
0  927.5  0.581466
0  932.5  0.530915
0  937.5  0.477893
0  942.5  0.419064
0  947.5  0.364869
0  952.5  0.311192
0  957.5  0.26032
0  962.5  0.210195
0  967.5  0.169751
0  972.5  0.134581
0  977.5  0.106195
0  982.5  0.0813157
0  987.5  0.0633116
0  992.5  0.0494846
0  997.5  0.0390571
0  1002.5  0.0296511
0  1007.5  0.0234922
0  1012.5  0.0185986
0  1017.5  0.0147569
0  1022.5  0.0108543
0  1027.5  0.00812547
0  1032.5  0.00618938
0  1037.5  0.00486309
0  1042.5  0.00373497
0  1047.5  0.00275931
0  1052.5  0.00184462
0  1057.5  0.000990911
53  132  400  1060  P2Y1
0  402.5  2.38125
0  407.5  2.38077
0  412.5  2.38026
0  417.5  2.3798
0  422.5  2.37934
0  427.5  2.37876
0  432.5  2.37814
0  437.5  2.37741
0  442.5  2.37664
0  447.5  2.37585
0  452.5  2.37507
0  457.5  2.37411
0  462.5  2.37277
0  467.5  2.37174
0  472.5  2.37051
0  477.5  2.36917
0  482.5  2.36739
0  487.5  2.36565
0  492.5  2.36382
0  497.5  2.36206
0  502.5  2.35964
0  507.5  2.35588
0  512.5  2.35068
0  517.5  2.34609
0  522.5  2.34012
0  527.5  2.33478
0  532.5  2.32885
0  537.5  2.32214
0  542.5  2.31411
0  547.5  2.30539
0  552.5  2.29684
0  557.5  2.28823
0  562.5  2.27771
0  567.5  2.26699
0  572.5  2.25639
0  577.5  2.24496
0  582.5  2.23166
0  587.5  2.22064
0  592.5  2.20823
0  597.5  2.19596
0  602.5  2.18178
0  607.5  2.16785
0  612.5  2.15494
0  617.5  2.14103
0  622.5  2.1248
0  627.5  2.10998
0  632.5  2.09465
0  637.5  2.0801
0  642.5  2.06329
0  647.5  2.04778
0  652.5  2.03199
0  657.5  2.01564
0  662.5  1.99762
0  667.5  1.98181
0  672.5  1.9655
0  677.5  1.94899
0  682.5  1.93183
0  687.5  1.91566
0  692.5  1.89801
0  697.5  1.88061
0  702.5  1.86083
0  707.5  1.84397
0  712.5  1.8267
0  717.5  1.80832
0  722.5  1.78805
0  727.5  1.77041
0  732.5  1.75118
0  737.5  1.73121
0  742.5  1.71043
0  747.5  1.69167
0  752.5  1.67019
0  757.5  1.64989
0  762.5  1.62754
0  767.5  1.60785
0  772.5  1.58719
0  777.5  1.566
0  782.5  1.54206
0  787.5  1.51997
0  792.5  1.49757
0  797.5  1.47419
0  802.5  1.44958
0  807.5  1.4266
0  812.5  1.40112
0  817.5  1.37635
0  822.5  1.34971
0  827.5  1.32313
0  832.5  1.29627
0  837.5  1.26909
0  842.5  1.23873
0  847.5  1.21
0  852.5  1.18082
0  857.5  1.15116
0  862.5  1.11656
0  867.5  1.08383
0  872.5  1.05138
0  877.5  1.01798
0  882.5  0.979844
0  887.5  0.943796
0  892.5  0.907349
0  897.5  0.870935
0  902.5  0.82609
0  907.5  0.785245
0  912.5  0.743572
0  917.5  0.702265
0  922.5  0.653117
0  927.5  0.605946
0  932.5  0.558854
0  937.5  0.511555
0  942.5  0.457563
0  947.5  0.408926
0  952.5  0.361451
0  957.5  0.315603
0  962.5  0.266455
0  967.5  0.22577
0  972.5  0.18969
0  977.5  0.156765
0  982.5  0.126486
0  987.5  0.102056
0  992.5  0.0818329
0  997.5  0.0656894
0  1002.5  0.0509005
0  1007.5  0.0408766
0  1012.5  0.0325101
0  1017.5  0.02553
0  1022.5  0.0195698
0  1027.5  0.0149164
0  1032.5  0.0115379
0  1037.5  0.00889246
0  1042.5  0.00669325
0  1047.5  0.00506774
0  1052.5  0.0035538
0  1057.5  0.00172112
54  132  400  1060  P2Y2
0  402.5  2.38125
0  407.5  2.38077
0  412.5  2.38026
0  417.5  2.3798
0  422.5  2.37934
0  427.5  2.37876
0  432.5  2.37814
0  437.5  2.37741
0  442.5  2.37664
0  447.5  2.37585
0  452.5  2.37507
0  457.5  2.37411
0  462.5  2.37277
0  467.5  2.37174
0  472.5  2.37051
0  477.5  2.36917
0  482.5  2.36739
0  487.5  2.36565
0  492.5  2.36382
0  497.5  2.36206
0  502.5  2.35964
0  507.5  2.35588
0  512.5  2.35068
0  517.5  2.34609
0  522.5  2.34012
0  527.5  2.33478
0  532.5  2.32885
0  537.5  2.32214
0  542.5  2.31411
0  547.5  2.30539
0  552.5  2.29684
0  557.5  2.28823
0  562.5  2.27771
0  567.5  2.26699
0  572.5  2.25639
0  577.5  2.24496
0  582.5  2.23166
0  587.5  2.22064
0  592.5  2.20823
0  597.5  2.19596
0  602.5  2.18178
0  607.5  2.16785
0  612.5  2.15494
0  617.5  2.14103
0  622.5  2.1248
0  627.5  2.10998
0  632.5  2.09465
0  637.5  2.0801
0  642.5  2.06329
0  647.5  2.04778
0  652.5  2.03199
0  657.5  2.01564
0  662.5  1.99762
0  667.5  1.98181
0  672.5  1.9655
0  677.5  1.94899
0  682.5  1.93183
0  687.5  1.91566
0  692.5  1.89801
0  697.5  1.88061
0  702.5  1.86083
0  707.5  1.84397
0  712.5  1.8267
0  717.5  1.80832
0  722.5  1.78805
0  727.5  1.77041
0  732.5  1.75118
0  737.5  1.73121
0  742.5  1.71043
0  747.5  1.69167
0  752.5  1.67019
0  757.5  1.64989
0  762.5  1.62754
0  767.5  1.60785
0  772.5  1.58719
0  777.5  1.566
0  782.5  1.54206
0  787.5  1.51997
0  792.5  1.49757
0  797.5  1.47419
0  802.5  1.44958
0  807.5  1.4266
0  812.5  1.40112
0  817.5  1.37635
0  822.5  1.34971
0  827.5  1.32313
0  832.5  1.29627
0  837.5  1.26909
0  842.5  1.23873
0  847.5  1.21
0  852.5  1.18082
0  857.5  1.15116
0  862.5  1.11656
0  867.5  1.08383
0  872.5  1.05138
0  877.5  1.01798
0  882.5  0.979844
0  887.5  0.943796
0  892.5  0.907349
0  897.5  0.870935
0  902.5  0.82609
0  907.5  0.785245
0  912.5  0.743572
0  917.5  0.702265
0  922.5  0.653117
0  927.5  0.605946
0  932.5  0.558854
0  937.5  0.511555
0  942.5  0.457563
0  947.5  0.408926
0  952.5  0.361451
0  957.5  0.315603
0  962.5  0.266455
0  967.5  0.22577
0  972.5  0.18969
0  977.5  0.156765
0  982.5  0.126486
0  987.5  0.102056
0  992.5  0.0818329
0  997.5  0.0656894
0  1002.5  0.0509005
0  1007.5  0.0408766
0  1012.5  0.0325101
0  1017.5  0.02553
0  1022.5  0.0195698
0  1027.5  0.0149164
0  1032.5  0.0115379
0  1037.5  0.00889246
0  1042.5  0.00669325
0  1047.5  0.00506774
0  1052.5  0.0035538
0  1057.5  0.00172112
