           0.0432204         -0.00342908          -0.0449709           0.0658358
           0.0432204         -0.00342908         -0.00531625           0.0664537
            0.833459        -0.000369496           -0.195314           0.0470213
            0.833459        -0.000369496           -0.265779           0.0483511
             1.42863          0.00254151           -0.386628           0.0564785
             1.42863          0.00254151           -0.409755           0.0546458
                   0                   0                   0                   0.05
                   0                   0                   0                   0.05
                   0                   0                   0                   0.05
                   0                   0                   0                   0.05
                   0                   0                   0                   0.05
                   0                   0                   0                   0.05
            0.265927        -5.98869e-05          -0.0507956           0.0673026
            0.265927        -5.98809e-05          -0.0669021           0.0674457
          0.00842309         0.000312898            0.166884           0.0603541
          0.00842309         0.000312898            0.192955           0.0607484
           -0.651791         0.000167937          -0.0109289           0.0752907
           -0.651791         0.000167937          -0.0062148           0.0672984
           -0.696414        -0.000359939           -0.176566           0.0601379
           -0.696414        -0.000359939           -0.178945           0.0588386
           -0.798782        -0.000355229            0.111128           0.0446994
           -0.798782        -0.000355229            0.112855           0.0446554
           -0.529596        -0.000163811            0.395539           0.0586161
           -0.529596        -0.000163811            0.398572             0.06013
           -0.688522          -0.0002515          -0.0568954           0.0566729
           -0.688522          -0.0002515          -0.0551102           0.0543045
           -0.952054        -0.000207228            0.108803           0.0435266
           -0.952054        -0.000207228            0.109825           0.0437139
           -0.703903          3.9129e-05            0.259057           0.0552695
           -0.703903          3.9129e-05            0.261367           0.0565222
