1 41 1700.0 1800.0 D0U
0 1700.0  0.317500
1 1702.5  0.317300
2 1705.0  0.317200
3 1707.5  0.316500
4 1710.0  0.316100
5 1712.5  0.315600
6 1715.0  0.315300
7 1717.5  0.314300
8 1720.0  0.313000
9 1722.5  0.312100
10 1725.0  0.310800
11 1727.5  0.308500
12 1730.0  0.306300
13 1732.5  0.302400
14 1735.0  0.294400
15 1737.5  0.283900
16 1740.0  0.272200
17 1742.5  0.256500
18 1745.0  0.235400
19 1747.5  0.215600
20 1750.0  0.200400
21 1752.5  0.182100
22 1755.0  0.169600
23 1757.5  0.153700
24 1760.0  0.137500
25 1762.5  0.125000
26 1765.0  0.109200
27 1767.5  0.096400
28 1770.0  0.086600
29 1772.5  0.073900
30 1775.0  0.066400
31 1777.5  0.056800
32 1780.0  0.049100
33 1782.5  0.043100
34 1785.0  0.034400
35 1787.5  0.027900
36 1790.0  0.022500
37 1792.5  0.013700
38 1795.0  0.007600
39 1797.5  0.002100
40 1800.0  0.000000
2 41 1700.0 1800.0 D0Up
0 1700.0  0.317500
1 1702.5  0.317300
2 1705.0  0.316700
3 1707.5  0.316200
4 1710.0  0.316000
5 1712.5  0.315500
6 1715.0  0.315400
7 1717.5  0.314700
8 1720.0  0.313700
9 1722.5  0.312800
10 1725.0  0.311800
11 1727.5  0.310500
12 1730.0  0.307900
13 1732.5  0.305000
14 1735.0  0.301200
15 1737.5  0.293100
16 1740.0  0.279600
17 1742.5  0.266500
18 1745.0  0.245600
19 1747.5  0.222300
20 1750.0  0.208800
21 1752.5  0.191700
22 1755.0  0.174900
23 1757.5  0.156800
24 1760.0  0.140200
25 1762.5  0.128100
26 1765.0  0.114900
27 1767.5  0.099800
28 1770.0  0.088200
29 1772.5  0.076300
30 1775.0  0.067500
31 1777.5  0.059800
32 1780.0  0.049600
33 1782.5  0.042600
34 1785.0  0.034800
35 1787.5  0.027500
36 1790.0  0.020800
37 1792.5  0.015200
38 1795.0  0.010800
39 1797.5  0.004700
40 1800.0  0.000000
3 41 1700.0 1800.0 D0X
0 1700.0  0.317500
1 1702.5  0.317400
2 1705.0  0.317300
3 1707.5  0.317200
4 1710.0  0.317000
5 1712.5  0.317000
6 1715.0  0.317000
7 1717.5  0.316800
8 1720.0  0.316500
9 1722.5  0.316100
10 1725.0  0.315900
11 1727.5  0.315400
12 1730.0  0.314900
13 1732.5  0.314200
14 1735.0  0.313300
15 1737.5  0.311100
16 1740.0  0.305800
17 1742.5  0.300800
18 1745.0  0.291900
19 1747.5  0.279700
20 1750.0  0.263800
21 1752.5  0.244700
22 1755.0  0.226900
23 1757.5  0.206500
24 1760.0  0.187500
25 1762.5  0.171700
26 1765.0  0.154600
27 1767.5  0.136700
28 1770.0  0.124100
29 1772.5  0.107000
30 1775.0  0.094200
31 1777.5  0.081000
32 1780.0  0.068100
33 1782.5  0.058500
34 1785.0  0.048000
35 1787.5  0.038400
36 1790.0  0.030400
37 1792.5  0.021900
38 1795.0  0.014900
39 1797.5  0.006500
40 1800.0  0.000000
4 41 1700.0 1800.0 D0Xp
0 1700.0  0.317500
1 1702.5  0.317500
2 1705.0  0.317400
3 1707.5  0.317100
4 1710.0  0.316600
5 1712.5  0.316500
6 1715.0  0.316100
7 1717.5  0.316000
8 1720.0  0.315000
9 1722.5  0.314700
10 1725.0  0.313700
11 1727.5  0.312800
12 1730.0  0.312100
13 1732.5  0.311000
14 1735.0  0.309000
15 1737.5  0.303600
16 1740.0  0.294400
17 1742.5  0.283600
18 1745.0  0.266900
19 1747.5  0.246400
20 1750.0  0.230800
21 1752.5  0.210700
22 1755.0  0.194500
23 1757.5  0.178200
24 1760.0  0.162400
25 1762.5  0.148300
26 1765.0  0.135900
27 1767.5  0.122000
28 1770.0  0.111800
29 1772.5  0.098200
30 1775.0  0.087700
31 1777.5  0.076600
32 1780.0  0.066800
33 1782.5  0.058500
34 1785.0  0.048100
35 1787.5  0.040100
36 1790.0  0.032100
37 1792.5  0.024000
38 1795.0  0.016500
39 1797.5  0.006900
40 1800.0  0.000000
5 41 1700.0 1800.0 D0V
0 1700.0  0.317500
1 1702.5  0.317400
2 1705.0  0.316500
3 1707.5  0.316100
4 1710.0  0.315800
5 1712.5  0.315000
6 1715.0  0.314700
7 1717.5  0.313300
8 1720.0  0.312300
9 1722.5  0.311600
10 1725.0  0.310100
11 1727.5  0.308100
12 1730.0  0.305800
13 1732.5  0.299600
14 1735.0  0.294300
15 1737.5  0.281100
16 1740.0  0.264100
17 1742.5  0.248300
18 1745.0  0.231000
19 1747.5  0.211800
20 1750.0  0.195200
21 1752.5  0.176900
22 1755.0  0.163000
23 1757.5  0.147100
24 1760.0  0.128500
25 1762.5  0.117200
26 1765.0  0.105500
27 1767.5  0.093600
28 1770.0  0.083700
29 1772.5  0.072900
30 1775.0  0.063400
31 1777.5  0.054700
32 1780.0  0.047000
33 1782.5  0.040700
34 1785.0  0.033700
35 1787.5  0.026300
36 1790.0  0.019300
37 1792.5  0.013300
38 1795.0  0.008900
39 1797.5  0.003100
40 1800.0  0.000000
6 41 1700.0 1800.0 D0Vp
0 1700.0  0.317500
1 1702.5  0.317100
2 1705.0  0.316100
3 1707.5  0.315100
4 1710.0  0.314700
5 1712.5  0.314000
6 1715.0  0.312800
7 1717.5  0.311400
8 1720.0  0.309500
9 1722.5  0.307300
10 1725.0  0.302900
11 1727.5  0.295800
12 1730.0  0.288300
13 1732.5  0.274200
14 1735.0  0.261200
15 1737.5  0.248100
16 1740.0  0.233200
17 1742.5  0.222200
18 1745.0  0.206600
19 1747.5  0.193400
20 1750.0  0.182800
21 1752.5  0.169700
22 1755.0  0.156600
23 1757.5  0.141000
24 1760.0  0.129300
25 1762.5  0.119500
26 1765.0  0.108500
27 1767.5  0.095800
28 1770.0  0.085600
29 1772.5  0.077400
30 1775.0  0.068000
31 1777.5  0.058600
32 1780.0  0.048300
33 1782.5  0.042200
34 1785.0  0.033600
35 1787.5  0.027700
36 1790.0  0.021400
37 1792.5  0.015300
38 1795.0  0.009100
39 1797.5  0.004400
40 1800.0  0.000000
7 41 1700.0 1800.0 D1V
0 1700.0  0.250000
1 1702.5  0.249700
2 1705.0  0.248900
3 1707.5  0.248200
4 1710.0  0.247400
5 1712.5  0.247100
6 1715.0  0.247100
7 1717.5  0.246000
8 1720.0  0.244500
9 1722.5  0.243900
10 1725.0  0.243200
11 1727.5  0.241800
12 1730.0  0.240500
13 1732.5  0.238900
14 1735.0  0.238100
15 1737.5  0.236000
16 1740.0  0.234500
17 1742.5  0.229700
18 1745.0  0.224400
19 1747.5  0.219400
20 1750.0  0.212900
21 1752.5  0.204700
22 1755.0  0.194900
23 1757.5  0.181800
24 1760.0  0.169400
25 1762.5  0.156200
26 1765.0  0.137500
27 1767.5  0.117200
28 1770.0  0.102500
29 1772.5  0.081400
30 1775.0  0.064500
31 1777.5  0.049000
32 1780.0  0.033500
33 1782.5  0.025000
34 1785.0  0.016600
35 1787.5  0.009500
36 1790.0  0.007100
37 1792.5  0.004700
38 1795.0  0.002400
39 1797.5  0.001100
40 1800.0  0.000000
8 41 1700.0 1800.0 D1Vp
0 1700.0  0.250000
1 1702.5  0.249700
2 1705.0  0.248900
3 1707.5  0.248200
4 1710.0  0.247400
5 1712.5  0.247100
6 1715.0  0.247100
7 1717.5  0.246000
8 1720.0  0.244500
9 1722.5  0.243900
10 1725.0  0.243200
11 1727.5  0.241800
12 1730.0  0.240500
13 1732.5  0.238900
14 1735.0  0.238100
15 1737.5  0.236000
16 1740.0  0.234500
17 1742.5  0.229700
18 1745.0  0.224400
19 1747.5  0.219400
20 1750.0  0.212900
21 1752.5  0.204700
22 1755.0  0.194900
23 1757.5  0.181800
24 1760.0  0.169400
25 1762.5  0.156200
26 1765.0  0.137500
27 1767.5  0.117200
28 1770.0  0.102500
29 1772.5  0.081400
30 1775.0  0.064500
31 1777.5  0.049000
32 1780.0  0.033500
33 1782.5  0.025000
34 1785.0  0.016600
35 1787.5  0.009500
36 1790.0  0.007100
37 1792.5  0.004700
38 1795.0  0.002400
39 1797.5  0.001100
40 1800.0  0.000000
9 41 1700.0 1800.0 D1X
0 1700.0  0.250000
1 1702.5  0.249700
2 1705.0  0.249700
3 1707.5  0.249700
4 1710.0  0.249500
5 1712.5  0.249200
6 1715.0  0.248400
7 1717.5  0.248200
8 1720.0  0.247100
9 1722.5  0.246300
10 1725.0  0.245000
11 1727.5  0.244200
12 1730.0  0.243400
13 1732.5  0.242100
14 1735.0  0.240200
15 1737.5  0.238400
16 1740.0  0.235800
17 1742.5  0.233100
18 1745.0  0.228100
19 1747.5  0.222300
20 1750.0  0.216800
21 1752.5  0.207500
22 1755.0  0.198000
23 1757.5  0.185100
24 1760.0  0.170600
25 1762.5  0.156100
26 1765.0  0.136300
27 1767.5  0.113900
28 1770.0  0.097800
29 1772.5  0.077300
30 1775.0  0.065100
31 1777.5  0.047500
32 1780.0  0.034300
33 1782.5  0.025100
34 1785.0  0.015300
35 1787.5  0.009000
36 1790.0  0.005000
37 1792.5  0.003200
38 1795.0  0.001300
39 1797.5  0.000500
40 1800.0  0.000000
10 41 1700.0 1800.0 D1Xp
0 1700.0  0.250000
1 1702.5  0.249700
2 1705.0  0.249700
3 1707.5  0.249700
4 1710.0  0.249500
5 1712.5  0.249200
6 1715.0  0.248400
7 1717.5  0.248200
8 1720.0  0.247100
9 1722.5  0.246300
10 1725.0  0.245000
11 1727.5  0.244200
12 1730.0  0.243400
13 1732.5  0.242100
14 1735.0  0.240200
15 1737.5  0.238400
16 1740.0  0.235800
17 1742.5  0.233100
18 1745.0  0.228100
19 1747.5  0.222300
20 1750.0  0.216800
21 1752.5  0.207500
22 1755.0  0.198000
23 1757.5  0.185100
24 1760.0  0.170600
25 1762.5  0.156100
26 1765.0  0.136300
27 1767.5  0.113900
28 1770.0  0.097800
29 1772.5  0.077300
30 1775.0  0.065100
31 1777.5  0.047500
32 1780.0  0.034300
33 1782.5  0.025100
34 1785.0  0.015300
35 1787.5  0.009000
36 1790.0  0.005000
37 1792.5  0.003200
38 1795.0  0.001300
39 1797.5  0.000500
40 1800.0  0.000000
11 41 1700.0 1800.0 D1U
0 1700.0  0.250000
1 1702.5  0.249700
2 1705.0  0.248900
3 1707.5  0.248200
4 1710.0  0.247900
5 1712.5  0.247900
6 1715.0  0.247400
7 1717.5  0.246800
8 1720.0  0.246300
9 1722.5  0.245800
10 1725.0  0.244700
11 1727.5  0.242100
12 1730.0  0.241600
13 1732.5  0.241000
14 1735.0  0.238700
15 1737.5  0.237100
16 1740.0  0.233900
17 1742.5  0.232600
18 1745.0  0.229200
19 1747.5  0.222300
20 1750.0  0.217000
21 1752.5  0.210200
22 1755.0  0.202800
23 1757.5  0.193800
24 1760.0  0.183000
25 1762.5  0.171700
26 1765.0  0.154000
27 1767.5  0.131900
28 1770.0  0.118700
29 1772.5  0.097800
30 1775.0  0.081000
31 1777.5  0.061700
32 1780.0  0.044800
33 1782.5  0.032200
34 1785.0  0.020300
35 1787.5  0.013400
36 1790.0  0.008200
37 1792.5  0.005000
38 1795.0  0.003700
39 1797.5  0.000800
40 1800.0  0.000000
12 41 1700.0 1800.0 D1Up
0 1700.0  0.250000
1 1702.5  0.249700
2 1705.0  0.248900
3 1707.5  0.248200
4 1710.0  0.247900
5 1712.5  0.247900
6 1715.0  0.247400
7 1717.5  0.246800
8 1720.0  0.246300
9 1722.5  0.245800
10 1725.0  0.244700
11 1727.5  0.242100
12 1730.0  0.241600
13 1732.5  0.241000
14 1735.0  0.238700
15 1737.5  0.237100
16 1740.0  0.233900
17 1742.5  0.232600
18 1745.0  0.229200
19 1747.5  0.222300
20 1750.0  0.217000
21 1752.5  0.210200
22 1755.0  0.202800
23 1757.5  0.193800
24 1760.0  0.183000
25 1762.5  0.171700
26 1765.0  0.154000
27 1767.5  0.131900
28 1770.0  0.118700
29 1772.5  0.097800
30 1775.0  0.081000
31 1777.5  0.061700
32 1780.0  0.044800
33 1782.5  0.032200
34 1785.0  0.020300
35 1787.5  0.013400
36 1790.0  0.008200
37 1792.5  0.005000
38 1795.0  0.003700
39 1797.5  0.000800
40 1800.0  0.000000
13 105 1450.0 1710.0 D2V
0 1450.0  1.010500
1 1452.5  1.010300
2 1455.0  1.010300
3 1457.5  1.010100
4 1460.0  1.009900
5 1462.5  1.009500
6 1465.0  1.009300
7 1467.5  1.008900
8 1470.0  1.008400
9 1472.5  1.008100
10 1475.0  1.007800
11 1477.5  1.007300
12 1480.0  1.007100
13 1482.5  1.006200
14 1485.0  1.005500
15 1487.5  1.004700
16 1490.0  1.004500
17 1492.5  1.003800
18 1495.0  1.003100
19 1497.5  1.002600
20 1500.0  1.001300
21 1502.5  1.000600
22 1505.0  0.999400
23 1507.5  0.998300
24 1510.0  0.997200
25 1512.5  0.996200
26 1515.0  0.994400
27 1517.5  0.992800
28 1520.0  0.991200
29 1522.5  0.990400
30 1525.0  0.988800
31 1527.5  0.987000
32 1530.0  0.985300
33 1532.5  0.983500
34 1535.0  0.981100
35 1537.5  0.979100
36 1540.0  0.975700
37 1542.5  0.972100
38 1545.0  0.967300
39 1547.5  0.960600
40 1550.0  0.954400
41 1552.5  0.945700
42 1555.0  0.938000
43 1557.5  0.927500
44 1560.0  0.916300
45 1562.5  0.905400
46 1565.0  0.891100
47 1567.5  0.876000
48 1570.0  0.862300
49 1572.5  0.843600
50 1575.0  0.830100
51 1577.5  0.812300
52 1580.0  0.794700
53 1582.5  0.780000
54 1585.0  0.760900
55 1587.5  0.742000
56 1590.0  0.725300
57 1592.5  0.703400
58 1595.0  0.686000
59 1597.5  0.665900
60 1600.0  0.643800
61 1602.5  0.627100
62 1605.0  0.604100
63 1607.5  0.582300
64 1610.0  0.563100
65 1612.5  0.540400
66 1615.0  0.522800
67 1617.5  0.497300
68 1620.0  0.472400
69 1622.5  0.453400
70 1625.0  0.430100
71 1627.5  0.407100
72 1630.0  0.386400
73 1632.5  0.362300
74 1635.0  0.343700
75 1637.5  0.322000
76 1640.0  0.298900
77 1642.5  0.279300
78 1645.0  0.259400
79 1647.5  0.240200
80 1650.0  0.225500
81 1652.5  0.205500
82 1655.0  0.189200
83 1657.5  0.170400
84 1660.0  0.153000
85 1662.5  0.140100
86 1665.0  0.123200
87 1667.5  0.109000
88 1670.0  0.095500
89 1672.5  0.080700
90 1675.0  0.069700
91 1677.5  0.058600
92 1680.0  0.047300
93 1682.5  0.038200
94 1685.0  0.030400
95 1687.5  0.022800
96 1690.0  0.017900
97 1692.5  0.013000
98 1695.0  0.009300
99 1697.5  0.005100
100 1700.0  0.002500
101 1702.5  0.001200
102 1705.0  0.000400
103 1707.5  0.000100
104 1710.0  0.000000
14 105 1450.0 1710.0 D2Vp
0 1450.0  1.010500
1 1452.5  1.010500
2 1455.0  1.010400
3 1457.5  1.010100
4 1460.0  1.010000
5 1462.5  1.009800
6 1465.0  1.009700
7 1467.5  1.009400
8 1470.0  1.009400
9 1472.5  1.009000
10 1475.0  1.009000
11 1477.5  1.008500
12 1480.0  1.008300
13 1482.5  1.008000
14 1485.0  1.007400
15 1487.5  1.006900
16 1490.0  1.006600
17 1492.5  1.005900
18 1495.0  1.005000
19 1497.5  1.004100
20 1500.0  1.003700
21 1502.5  1.002800
22 1505.0  1.001900
23 1507.5  1.001000
24 1510.0  1.000300
25 1512.5  0.999100
26 1515.0  0.998200
27 1517.5  0.997400
28 1520.0  0.996100
29 1522.5  0.994700
30 1525.0  0.993400
31 1527.5  0.991900
32 1530.0  0.990500
33 1532.5  0.988400
34 1535.0  0.986500
35 1537.5  0.984800
36 1540.0  0.981400
37 1542.5  0.978400
38 1545.0  0.974300
39 1547.5  0.969400
40 1550.0  0.963500
41 1552.5  0.955900
42 1555.0  0.948600
43 1557.5  0.938700
44 1560.0  0.926500
45 1562.5  0.915500
46 1565.0  0.902200
47 1567.5  0.886800
48 1570.0  0.874100
49 1572.5  0.853900
50 1575.0  0.839200
51 1577.5  0.821600
52 1580.0  0.803900
53 1582.5  0.788200
54 1585.0  0.769900
55 1587.5  0.753100
56 1590.0  0.737200
57 1592.5  0.716200
58 1595.0  0.697400
59 1597.5  0.677900
60 1600.0  0.657700
61 1602.5  0.638700
62 1605.0  0.617400
63 1607.5  0.594400
64 1610.0  0.573800
65 1612.5  0.550200
66 1615.0  0.531300
67 1617.5  0.510500
68 1620.0  0.489200
69 1622.5  0.468900
70 1625.0  0.444600
71 1627.5  0.420400
72 1630.0  0.401900
73 1632.5  0.381400
74 1635.0  0.360500
75 1637.5  0.339700
76 1640.0  0.316500
77 1642.5  0.300600
78 1645.0  0.279200
79 1647.5  0.258200
80 1650.0  0.243300
81 1652.5  0.223500
82 1655.0  0.207700
83 1657.5  0.188600
84 1660.0  0.174100
85 1662.5  0.155900
86 1665.0  0.138400
87 1667.5  0.121000
88 1670.0  0.108000
89 1672.5  0.093500
90 1675.0  0.081700
91 1677.5  0.068800
92 1680.0  0.059100
93 1682.5  0.050200
94 1685.0  0.039900
95 1687.5  0.032000
96 1690.0  0.025300
97 1692.5  0.017600
98 1695.0  0.012800
99 1697.5  0.008100
100 1700.0  0.003900
101 1702.5  0.001400
102 1705.0  0.000400
103 1707.5  0.000300
104 1710.0  0.000000
15 105 1450.0 1710.0 D2Xp
0 1450.0  1.041500
1 1452.5  1.041100
2 1455.0  1.040600
3 1457.5  1.040400
4 1460.0  1.039800
5 1462.5  1.039400
6 1465.0  1.038700
7 1467.5  1.038300
8 1470.0  1.037700
9 1472.5  1.037100
10 1475.0  1.036500
11 1477.5  1.035700
12 1480.0  1.034500
13 1482.5  1.033200
14 1485.0  1.032000
15 1487.5  1.031000
16 1490.0  1.030000
17 1492.5  1.029000
18 1495.0  1.027600
19 1497.5  1.026300
20 1500.0  1.025300
21 1502.5  1.024500
22 1505.0  1.023100
23 1507.5  1.021300
24 1510.0  1.019900
25 1512.5  1.018300
26 1515.0  1.017200
27 1517.5  1.014700
28 1520.0  1.011900
29 1522.5  1.010300
30 1525.0  1.007800
31 1527.5  1.005200
32 1530.0  1.002800
33 1532.5  0.999500
34 1535.0  0.996300
35 1537.5  0.991800
36 1540.0  0.986800
37 1542.5  0.981700
38 1545.0  0.973900
39 1547.5  0.964600
40 1550.0  0.955700
41 1552.5  0.941000
42 1555.0  0.932300
43 1557.5  0.917800
44 1560.0  0.904300
45 1562.5  0.893000
46 1565.0  0.878700
47 1567.5  0.862800
48 1570.0  0.850200
49 1572.5  0.832900
50 1575.0  0.817200
51 1577.5  0.799800
52 1580.0  0.783100
53 1582.5  0.766900
54 1585.0  0.746900
55 1587.5  0.726300
56 1590.0  0.709100
57 1592.5  0.686800
58 1595.0  0.668000
59 1597.5  0.647000
60 1600.0  0.624800
61 1602.5  0.605300
62 1605.0  0.585100
63 1607.5  0.562200
64 1610.0  0.544500
65 1612.5  0.522400
66 1615.0  0.504200
67 1617.5  0.481700
68 1620.0  0.456800
69 1622.5  0.437100
70 1625.0  0.412800
71 1627.5  0.388600
72 1630.0  0.368500
73 1632.5  0.343600
74 1635.0  0.322800
75 1637.5  0.302300
76 1640.0  0.281000
77 1642.5  0.265200
78 1645.0  0.247900
79 1647.5  0.229700
80 1650.0  0.212400
81 1652.5  0.192600
82 1655.0  0.178500
83 1657.5  0.160400
84 1660.0  0.141200
85 1662.5  0.128300
86 1665.0  0.111300
87 1667.5  0.095100
88 1670.0  0.082500
89 1672.5  0.070000
90 1675.0  0.061700
91 1677.5  0.049700
92 1680.0  0.041200
93 1682.5  0.034500
94 1685.0  0.025500
95 1687.5  0.019400
96 1690.0  0.015600
97 1692.5  0.010400
98 1695.0  0.006300
99 1697.5  0.003200
100 1700.0  0.001400
101 1702.5  0.000600
102 1705.0  0.000100
103 1707.5  0.000000
104 1710.0  0.000000
16 105 1450.0 1710.0 D2X
0 1450.0  1.041500
1 1452.5  1.041000
2 1455.0  1.040900
3 1457.5  1.040400
4 1460.0  1.039900
5 1462.5  1.039200
6 1465.0  1.038300
7 1467.5  1.036800
8 1470.0  1.036100
9 1472.5  1.035200
10 1475.0  1.034100
11 1477.5  1.032700
12 1480.0  1.031900
13 1482.5  1.030900
14 1485.0  1.029500
15 1487.5  1.028600
16 1490.0  1.028000
17 1492.5  1.026300
18 1495.0  1.024600
19 1497.5  1.022500
20 1500.0  1.021400
21 1502.5  1.020800
22 1505.0  1.019200
23 1507.5  1.017700
24 1510.0  1.015400
25 1512.5  1.013800
26 1515.0  1.011700
27 1517.5  1.009900
28 1520.0  1.008800
29 1522.5  1.006300
30 1525.0  1.003300
31 1527.5  1.000400
32 1530.0  0.997700
33 1532.5  0.993200
34 1535.0  0.989500
35 1537.5  0.984300
36 1540.0  0.979200
37 1542.5  0.973300
38 1545.0  0.964700
39 1547.5  0.954900
40 1550.0  0.946300
41 1552.5  0.932800
42 1555.0  0.920900
43 1557.5  0.906900
44 1560.0  0.891100
45 1562.5  0.879700
46 1565.0  0.863000
47 1567.5  0.847400
48 1570.0  0.834300
49 1572.5  0.819100
50 1575.0  0.805500
51 1577.5  0.787200
52 1580.0  0.773500
53 1582.5  0.759500
54 1585.0  0.740200
55 1587.5  0.723000
56 1590.0  0.706800
57 1592.5  0.687100
58 1595.0  0.668400
59 1597.5  0.648400
60 1600.0  0.626000
61 1602.5  0.610500
62 1605.0  0.588400
63 1607.5  0.567700
64 1610.0  0.550000
65 1612.5  0.527700
66 1615.0  0.506800
67 1617.5  0.482600
68 1620.0  0.459400
69 1622.5  0.438600
70 1625.0  0.415100
71 1627.5  0.392100
72 1630.0  0.373900
73 1632.5  0.352000
74 1635.0  0.333200
75 1637.5  0.309600
76 1640.0  0.287800
77 1642.5  0.270000
78 1645.0  0.250600
79 1647.5  0.230200
80 1650.0  0.215500
81 1652.5  0.195100
82 1655.0  0.178900
83 1657.5  0.160300
84 1660.0  0.143400
85 1662.5  0.129900
86 1665.0  0.113600
87 1667.5  0.097000
88 1670.0  0.084900
89 1672.5  0.070300
90 1675.0  0.061200
91 1677.5  0.051500
92 1680.0  0.042000
93 1682.5  0.034500
94 1685.0  0.026800
95 1687.5  0.018900
96 1690.0  0.014900
97 1692.5  0.009700
98 1695.0  0.005800
99 1697.5  0.003000
100 1700.0  0.001400
101 1702.5  0.000600
102 1705.0  0.000300
103 1707.5  0.000100
104 1710.0  0.000000
17 105 1450.0 1710.0 D2U
0 1450.0  1.010500
1 1452.5  1.010400
2 1455.0  1.009900
3 1457.5  1.009000
4 1460.0  1.008300
5 1462.5  1.007500
6 1465.0  1.006800
7 1467.5  1.006000
8 1470.0  1.005300
9 1472.5  1.004500
10 1475.0  1.003800
11 1477.5  1.002800
12 1480.0  1.001700
13 1482.5  1.001000
14 1485.0  1.000200
15 1487.5  0.999500
16 1490.0  0.998100
17 1492.5  0.996800
18 1495.0  0.995500
19 1497.5  0.994000
20 1500.0  0.992200
21 1502.5  0.991300
22 1505.0  0.989900
23 1507.5  0.988100
24 1510.0  0.986800
25 1512.5  0.984700
26 1515.0  0.982500
27 1517.5  0.980100
28 1520.0  0.978900
29 1522.5  0.977400
30 1525.0  0.975700
31 1527.5  0.973000
32 1530.0  0.969400
33 1532.5  0.965700
34 1535.0  0.961900
35 1537.5  0.957600
36 1540.0  0.953200
37 1542.5  0.949000
38 1545.0  0.942200
39 1547.5  0.935000
40 1550.0  0.928900
41 1552.5  0.921500
42 1555.0  0.914100
43 1557.5  0.901000
44 1560.0  0.885600
45 1562.5  0.873100
46 1565.0  0.859600
47 1567.5  0.844900
48 1570.0  0.834100
49 1572.5  0.818600
50 1575.0  0.803100
51 1577.5  0.785900
52 1580.0  0.768200
53 1582.5  0.751700
54 1585.0  0.732000
55 1587.5  0.711800
56 1590.0  0.695500
57 1592.5  0.673200
58 1595.0  0.654400
59 1597.5  0.634100
60 1600.0  0.613300
61 1602.5  0.593100
62 1605.0  0.569800
63 1607.5  0.546200
64 1610.0  0.527500
65 1612.5  0.502500
66 1615.0  0.480400
67 1617.5  0.456500
68 1620.0  0.431500
69 1622.5  0.407500
70 1625.0  0.381900
71 1627.5  0.356100
72 1630.0  0.335300
73 1632.5  0.310700
74 1635.0  0.291700
75 1637.5  0.269200
76 1640.0  0.245000
77 1642.5  0.228000
78 1645.0  0.209300
79 1647.5  0.190300
80 1650.0  0.175000
81 1652.5  0.156200
82 1655.0  0.140600
83 1657.5  0.124400
84 1660.0  0.107600
85 1662.5  0.094500
86 1665.0  0.080400
87 1667.5  0.066700
88 1670.0  0.057200
89 1672.5  0.047600
90 1675.0  0.040900
91 1677.5  0.033800
92 1680.0  0.026000
93 1682.5  0.021100
94 1685.0  0.017200
95 1687.5  0.012800
96 1690.0  0.010700
97 1692.5  0.006900
98 1695.0  0.004800
99 1697.5  0.003000
100 1700.0  0.002100
101 1702.5  0.001300
102 1705.0  0.000600
103 1707.5  0.000100
104 1710.0  0.000000
18 105 1450.0 1710.0 D2Up
0 1450.0  1.010500
1 1452.5  1.010100
2 1455.0  1.009700
3 1457.5  1.009000
4 1460.0  1.008100
5 1462.5  1.008000
6 1465.0  1.007700
7 1467.5  1.007300
8 1470.0  1.007100
9 1472.5  1.006300
10 1475.0  1.005600
11 1477.5  1.005100
12 1480.0  1.004100
13 1482.5  1.003200
14 1485.0  1.002500
15 1487.5  1.001700
16 1490.0  1.001000
17 1492.5  1.000300
18 1495.0  0.999700
19 1497.5  0.998800
20 1500.0  0.997900
21 1502.5  0.997500
22 1505.0  0.996500
23 1507.5  0.995100
24 1510.0  0.994000
25 1512.5  0.992600
26 1515.0  0.991700
27 1517.5  0.990400
28 1520.0  0.988500
29 1522.5  0.987400
30 1525.0  0.985000
31 1527.5  0.982400
32 1530.0  0.980800
33 1532.5  0.978700
34 1535.0  0.975800
35 1537.5  0.972000
36 1540.0  0.968800
37 1542.5  0.965100
38 1545.0  0.958500
39 1547.5  0.952600
40 1550.0  0.947100
41 1552.5  0.936500
42 1555.0  0.929000
43 1557.5  0.916600
44 1560.0  0.903700
45 1562.5  0.892800
46 1565.0  0.878600
47 1567.5  0.864600
48 1570.0  0.850000
49 1572.5  0.830300
50 1575.0  0.818000
51 1577.5  0.802600
52 1580.0  0.787300
53 1582.5  0.772900
54 1585.0  0.754000
55 1587.5  0.733000
56 1590.0  0.715900
57 1592.5  0.694600
58 1595.0  0.677000
59 1597.5  0.655800
60 1600.0  0.634800
61 1602.5  0.616200
62 1605.0  0.595400
63 1607.5  0.574000
64 1610.0  0.555700
65 1612.5  0.532700
66 1615.0  0.515800
67 1617.5  0.491000
68 1620.0  0.469500
69 1622.5  0.448400
70 1625.0  0.423000
71 1627.5  0.396900
72 1630.0  0.377800
73 1632.5  0.355600
74 1635.0  0.337900
75 1637.5  0.315800
76 1640.0  0.297100
77 1642.5  0.280800
78 1645.0  0.258100
79 1647.5  0.238300
80 1650.0  0.219200
81 1652.5  0.201600
82 1655.0  0.184500
83 1657.5  0.167500
84 1660.0  0.150700
85 1662.5  0.135300
86 1665.0  0.118000
87 1667.5  0.103500
88 1670.0  0.090300
89 1672.5  0.076800
90 1675.0  0.066500
91 1677.5  0.055200
92 1680.0  0.044500
93 1682.5  0.035100
94 1685.0  0.026300
95 1687.5  0.019300
96 1690.0  0.013500
97 1692.5  0.009400
98 1695.0  0.006100
99 1697.5  0.003600
100 1700.0  0.001700
101 1702.5  0.000700
102 1705.0  0.000400
103 1707.5  0.000100
104 1710.0  0.000000
19 89 1360.0 1580.0 D3pVp
0 1360.0  1.000000
1 1362.5  0.999800
2 1365.0  0.999100
3 1367.5  0.998400
4 1370.0  0.997700
5 1372.5  0.996500
6 1375.0  0.995600
7 1377.5  0.994200
8 1380.0  0.992300
9 1382.5  0.991300
10 1385.0  0.990100
11 1387.5  0.988700
12 1390.0  0.987000
13 1392.5  0.984800
14 1395.0  0.983000
15 1397.5  0.980700
16 1400.0  0.978300
17 1402.5  0.974900
18 1405.0  0.971200
19 1407.5  0.967100
20 1410.0  0.962400
21 1412.5  0.956500
22 1415.0  0.951100
23 1417.5  0.942800
24 1420.0  0.933700
25 1422.5  0.925100
26 1425.0  0.915500
27 1427.5  0.903300
28 1430.0  0.892800
29 1432.5  0.878000
30 1435.0  0.864900
31 1437.5  0.845400
32 1440.0  0.827500
33 1442.5  0.810200
34 1445.0  0.791100
35 1447.5  0.770400
36 1450.0  0.753300
37 1452.5  0.730300
38 1455.0  0.711700
39 1457.5  0.688200
40 1460.0  0.663600
41 1462.5  0.643200
42 1465.0  0.620500
43 1467.5  0.597000
44 1470.0  0.577400
45 1472.5  0.554300
46 1475.0  0.534900
47 1477.5  0.509400
48 1480.0  0.484700
49 1482.5  0.465100
50 1485.0  0.443300
51 1487.5  0.420900
52 1490.0  0.403500
53 1492.5  0.382000
54 1495.0  0.363300
55 1497.5  0.342700
56 1500.0  0.320300
57 1502.5  0.304000
58 1505.0  0.281400
59 1507.5  0.262800
60 1510.0  0.245700
61 1512.5  0.227200
62 1515.0  0.212400
63 1517.5  0.195900
64 1520.0  0.179100
65 1522.5  0.166000
66 1525.0  0.151500
67 1527.5  0.136700
68 1530.0  0.123700
69 1532.5  0.111600
70 1535.0  0.101800
71 1537.5  0.089600
72 1540.0  0.078500
73 1542.5  0.069600
74 1545.0  0.060500
75 1547.5  0.051300
76 1550.0  0.045400
77 1552.5  0.038000
78 1555.0  0.031700
79 1557.5  0.026300
80 1560.0  0.019900
81 1562.5  0.014600
82 1565.0  0.009700
83 1567.5  0.005200
84 1570.0  0.002500
85 1572.5  0.001500
86 1575.0  0.000700
87 1577.5  0.000200
88 1580.0  0.000000
20 89 1360.0 1580.0 D3pV
0 1360.0  1.000000
1 1362.5  0.999700
2 1365.0  0.999400
3 1367.5  0.998900
4 1370.0  0.998200
5 1372.5  0.997000
6 1375.0  0.996200
7 1377.5  0.995400
8 1380.0  0.994200
9 1382.5  0.993400
10 1385.0  0.992500
11 1387.5  0.991000
12 1390.0  0.990300
13 1392.5  0.988900
14 1395.0  0.987700
15 1397.5  0.986100
16 1400.0  0.983400
17 1402.5  0.981500
18 1405.0  0.977900
19 1407.5  0.973300
20 1410.0  0.969100
21 1412.5  0.964600
22 1415.0  0.959200
23 1417.5  0.953400
24 1420.0  0.946300
25 1422.5  0.938700
26 1425.0  0.928900
27 1427.5  0.915600
28 1430.0  0.903800
29 1432.5  0.890300
30 1435.0  0.877300
31 1437.5  0.859200
32 1440.0  0.840900
33 1442.5  0.825300
34 1445.0  0.804400
35 1447.5  0.783200
36 1450.0  0.765900
37 1452.5  0.745100
38 1455.0  0.727300
39 1457.5  0.706100
40 1460.0  0.682500
41 1462.5  0.662400
42 1465.0  0.640000
43 1467.5  0.617800
44 1470.0  0.596800
45 1472.5  0.573900
46 1475.0  0.554200
47 1477.5  0.532900
48 1480.0  0.511200
49 1482.5  0.491500
50 1485.0  0.470800
51 1487.5  0.446600
52 1490.0  0.426400
53 1492.5  0.404400
54 1495.0  0.386200
55 1497.5  0.364700
56 1500.0  0.341800
57 1502.5  0.324300
58 1505.0  0.303200
59 1507.5  0.282800
60 1510.0  0.266300
61 1512.5  0.248600
62 1515.0  0.233900
63 1517.5  0.214800
64 1520.0  0.198300
65 1522.5  0.184500
66 1525.0  0.167300
67 1527.5  0.153500
68 1530.0  0.142300
69 1532.5  0.128900
70 1535.0  0.117500
71 1537.5  0.104100
72 1540.0  0.093200
73 1542.5  0.083000
74 1545.0  0.073000
75 1547.5  0.062500
76 1550.0  0.054900
77 1552.5  0.046000
78 1555.0  0.038700
79 1557.5  0.031000
80 1560.0  0.024100
81 1562.5  0.018400
82 1565.0  0.012300
83 1567.5  0.007700
84 1570.0  0.004100
85 1572.5  0.001600
86 1575.0  0.000800
87 1577.5  0.000200
88 1580.0  0.000000
21 89 1360.0 1580.0 D3pXp
0 1360.0  1.000000
1 1362.5  0.999900
2 1365.0  0.999700
3 1367.5  0.999300
4 1370.0  0.999000
5 1372.5  0.998500
6 1375.0  0.998100
7 1377.5  0.997500
8 1380.0  0.996900
9 1382.5  0.996200
10 1385.0  0.995300
11 1387.5  0.994400
12 1390.0  0.993300
13 1392.5  0.992000
14 1395.0  0.990400
15 1397.5  0.988700
16 1400.0  0.986700
17 1402.5  0.984700
18 1405.0  0.981800
19 1407.5  0.977300
20 1410.0  0.973500
21 1412.5  0.967700
22 1415.0  0.963600
23 1417.5  0.957200
24 1420.0  0.949500
25 1422.5  0.941100
26 1425.0  0.931000
27 1427.5  0.918200
28 1430.0  0.908000
29 1432.5  0.891300
30 1435.0  0.878600
31 1437.5  0.860800
32 1440.0  0.842000
33 1442.5  0.824600
34 1445.0  0.804800
35 1447.5  0.782000
36 1450.0  0.763800
37 1452.5  0.743100
38 1455.0  0.723900
39 1457.5  0.702100
40 1460.0  0.680500
41 1462.5  0.660800
42 1465.0  0.641800
43 1467.5  0.618600
44 1470.0  0.598200
45 1472.5  0.573200
46 1475.0  0.552500
47 1477.5  0.529000
48 1480.0  0.505000
49 1482.5  0.486800
50 1485.0  0.463300
51 1487.5  0.440100
52 1490.0  0.418900
53 1492.5  0.398400
54 1495.0  0.378700
55 1497.5  0.357200
56 1500.0  0.337200
57 1502.5  0.321400
58 1505.0  0.300600
59 1507.5  0.282200
60 1510.0  0.265600
61 1512.5  0.246800
62 1515.0  0.233500
63 1517.5  0.216500
64 1520.0  0.199200
65 1522.5  0.185500
66 1525.0  0.170100
67 1527.5  0.154700
68 1530.0  0.143500
69 1532.5  0.129400
70 1535.0  0.119700
71 1537.5  0.106900
72 1540.0  0.096500
73 1542.5  0.087700
74 1545.0  0.077400
75 1547.5  0.068100
76 1550.0  0.061000
77 1552.5  0.051400
78 1555.0  0.044300
79 1557.5  0.037300
80 1560.0  0.029400
81 1562.5  0.022800
82 1565.0  0.014900
83 1567.5  0.008500
84 1570.0  0.004200
85 1572.5  0.001200
86 1575.0  0.000600
87 1577.5  0.000200
88 1580.0  0.000000
22 89 1360.0 1580.0 D3pX
0 1360.0  1.000000
1 1362.5  0.999900
2 1365.0  0.999200
3 1367.5  0.998700
4 1370.0  0.998500
5 1372.5  0.998100
6 1375.0  0.997300
7 1377.5  0.996600
8 1380.0  0.995900
9 1382.5  0.994700
10 1385.0  0.993700
11 1387.5  0.992900
12 1390.0  0.992300
13 1392.5  0.991600
14 1395.0  0.990600
15 1397.5  0.988700
16 1400.0  0.986500
17 1402.5  0.984000
18 1405.0  0.981500
19 1407.5  0.977800
20 1410.0  0.974300
21 1412.5  0.968900
22 1415.0  0.962500
23 1417.5  0.954200
24 1420.0  0.946300
25 1422.5  0.938300
26 1425.0  0.925700
27 1427.5  0.914000
28 1430.0  0.902800
29 1432.5  0.887900
30 1435.0  0.874200
31 1437.5  0.858400
32 1440.0  0.839700
33 1442.5  0.823800
34 1445.0  0.804200
35 1447.5  0.783600
36 1450.0  0.765400
37 1452.5  0.742100
38 1455.0  0.723300
39 1457.5  0.702200
40 1460.0  0.680100
41 1462.5  0.660000
42 1465.0  0.635500
43 1467.5  0.613000
44 1470.0  0.591600
45 1472.5  0.568600
46 1475.0  0.549000
47 1477.5  0.526700
48 1480.0  0.503400
49 1482.5  0.484600
50 1485.0  0.461700
51 1487.5  0.442400
52 1490.0  0.423600
53 1492.5  0.403000
54 1495.0  0.386300
55 1497.5  0.364600
56 1500.0  0.345300
57 1502.5  0.327000
58 1505.0  0.307600
59 1507.5  0.288200
60 1510.0  0.270600
61 1512.5  0.254400
62 1515.0  0.238500
63 1517.5  0.221400
64 1520.0  0.203200
65 1522.5  0.189400
66 1525.0  0.172700
67 1527.5  0.158600
68 1530.0  0.146000
69 1532.5  0.131100
70 1535.0  0.120800
71 1537.5  0.108800
72 1540.0  0.098000
73 1542.5  0.088300
74 1545.0  0.077700
75 1547.5  0.068300
76 1550.0  0.060900
77 1552.5  0.052500
78 1555.0  0.045300
79 1557.5  0.036100
80 1560.0  0.029200
81 1562.5  0.023400
82 1565.0  0.016100
83 1567.5  0.009000
84 1570.0  0.005000
85 1572.5  0.001800
86 1575.0  0.000900
87 1577.5  0.000200
88 1580.0  0.000000
23 89 1360.0 1580.0 D3pUp
0 1360.0  1.000000
1 1362.5  0.999900
2 1365.0  0.999500
3 1367.5  0.998600
4 1370.0  0.998100
5 1372.5  0.997700
6 1375.0  0.997300
7 1377.5  0.996500
8 1380.0  0.995800
9 1382.5  0.994900
10 1385.0  0.993600
11 1387.5  0.992500
12 1390.0  0.991700
13 1392.5  0.990600
14 1395.0  0.989600
15 1397.5  0.987400
16 1400.0  0.985000
17 1402.5  0.982500
18 1405.0  0.978900
19 1407.5  0.974400
20 1410.0  0.969200
21 1412.5  0.964100
22 1415.0  0.958900
23 1417.5  0.951100
24 1420.0  0.942000
25 1422.5  0.933200
26 1425.0  0.921800
27 1427.5  0.909200
28 1430.0  0.897200
29 1432.5  0.882800
30 1435.0  0.869800
31 1437.5  0.851600
32 1440.0  0.832700
33 1442.5  0.817000
34 1445.0  0.796500
35 1447.5  0.775400
36 1450.0  0.757500
37 1452.5  0.735100
38 1455.0  0.717200
39 1457.5  0.693200
40 1460.0  0.669200
41 1462.5  0.650400
42 1465.0  0.629300
43 1467.5  0.605200
44 1470.0  0.585300
45 1472.5  0.560600
46 1475.0  0.541200
47 1477.5  0.517300
48 1480.0  0.493500
49 1482.5  0.474100
50 1485.0  0.451700
51 1487.5  0.430100
52 1490.0  0.411800
53 1492.5  0.390400
54 1495.0  0.372000
55 1497.5  0.349900
56 1500.0  0.328700
57 1502.5  0.312400
58 1505.0  0.292000
59 1507.5  0.273100
60 1510.0  0.256800
61 1512.5  0.237200
62 1515.0  0.222800
63 1517.5  0.206300
64 1520.0  0.189300
65 1522.5  0.176200
66 1525.0  0.161200
67 1527.5  0.148300
68 1530.0  0.137400
69 1532.5  0.123900
70 1535.0  0.112500
71 1537.5  0.100300
72 1540.0  0.088800
73 1542.5  0.080500
74 1545.0  0.070800
75 1547.5  0.061600
76 1550.0  0.054900
77 1552.5  0.047600
78 1555.0  0.040600
79 1557.5  0.033000
80 1560.0  0.025300
81 1562.5  0.017800
82 1565.0  0.010900
83 1567.5  0.006100
84 1570.0  0.002500
85 1572.5  0.000900
86 1575.0  0.000300
87 1577.5  0.000100
88 1580.0  0.000000
24 89 1360.0 1580.0 D3pU
0 1360.0  1.000000
1 1362.5  0.999700
2 1365.0  0.999200
3 1367.5  0.998500
4 1370.0  0.998000
5 1372.5  0.996900
6 1375.0  0.995800
7 1377.5  0.994900
8 1380.0  0.993400
9 1382.5  0.992300
10 1385.0  0.991100
11 1387.5  0.989600
12 1390.0  0.988300
13 1392.5  0.986300
14 1395.0  0.985200
15 1397.5  0.983200
16 1400.0  0.980900
17 1402.5  0.978400
18 1405.0  0.975000
19 1407.5  0.971800
20 1410.0  0.968000
21 1412.5  0.961500
22 1415.0  0.956200
23 1417.5  0.948100
24 1420.0  0.939200
25 1422.5  0.930400
26 1425.0  0.918900
27 1427.5  0.906700
28 1430.0  0.894500
29 1432.5  0.881100
30 1435.0  0.868100
31 1437.5  0.850300
32 1440.0  0.833000
33 1442.5  0.815700
34 1445.0  0.794700
35 1447.5  0.771600
36 1450.0  0.753300
37 1452.5  0.733100
38 1455.0  0.716900
39 1457.5  0.694100
40 1460.0  0.670000
41 1462.5  0.648500
42 1465.0  0.624800
43 1467.5  0.599500
44 1470.0  0.581000
45 1472.5  0.556900
46 1475.0  0.536100
47 1477.5  0.512300
48 1480.0  0.489000
49 1482.5  0.470900
50 1485.0  0.449100
51 1487.5  0.425500
52 1490.0  0.407900
53 1492.5  0.386700
54 1495.0  0.369000
55 1497.5  0.347200
56 1500.0  0.325100
57 1502.5  0.307100
58 1505.0  0.287000
59 1507.5  0.267300
60 1510.0  0.251600
61 1512.5  0.232200
62 1515.0  0.217700
63 1517.5  0.199500
64 1520.0  0.183600
65 1522.5  0.167600
66 1525.0  0.151700
67 1527.5  0.137000
68 1530.0  0.126700
69 1532.5  0.113200
70 1535.0  0.102900
71 1537.5  0.092000
72 1540.0  0.079900
73 1542.5  0.073200
74 1545.0  0.063900
75 1547.5  0.054800
76 1550.0  0.048200
77 1552.5  0.040300
78 1555.0  0.034800
79 1557.5  0.027700
80 1560.0  0.020100
81 1562.5  0.015100
82 1565.0  0.010100
83 1567.5  0.005800
84 1570.0  0.003400
85 1572.5  0.001000
86 1575.0  0.000600
87 1577.5  0.000300
88 1580.0  0.000000
25 85 1490.0 1700.0 D3mVp
0 1490.0  1.000000
1 1492.5  0.999900
2 1495.0  0.999600
3 1497.5  0.999200
4 1500.0  0.998600
5 1502.5  0.998200
6 1505.0  0.997400
7 1507.5  0.996300
8 1510.0  0.995500
9 1512.5  0.994700
10 1515.0  0.993600
11 1517.5  0.992400
12 1520.0  0.990800
13 1522.5  0.989800
14 1525.0  0.988000
15 1527.5  0.985300
16 1530.0  0.982600
17 1532.5  0.979700
18 1535.0  0.975500
19 1537.5  0.970500
20 1540.0  0.965000
21 1542.5  0.958800
22 1545.0  0.950500
23 1547.5  0.940400
24 1550.0  0.931600
25 1552.5  0.917800
26 1555.0  0.906500
27 1557.5  0.891100
28 1560.0  0.874400
29 1562.5  0.860000
30 1565.0  0.840900
31 1567.5  0.821000
32 1570.0  0.804900
33 1572.5  0.783300
34 1575.0  0.763400
35 1577.5  0.742200
36 1580.0  0.716300
37 1582.5  0.695800
38 1585.0  0.671300
39 1587.5  0.648900
40 1590.0  0.629200
41 1592.5  0.605700
42 1595.0  0.582600
43 1597.5  0.558000
44 1600.0  0.533800
45 1602.5  0.512500
46 1605.0  0.489400
47 1607.5  0.465500
48 1610.0  0.444600
49 1612.5  0.422800
50 1615.0  0.403800
51 1617.5  0.381900
52 1620.0  0.359000
53 1622.5  0.339400
54 1625.0  0.318100
55 1627.5  0.295300
56 1630.0  0.279200
57 1632.5  0.260100
58 1635.0  0.244800
59 1637.5  0.225800
60 1640.0  0.209300
61 1642.5  0.197700
62 1645.0  0.180600
63 1647.5  0.164900
64 1650.0  0.151900
65 1652.5  0.137300
66 1655.0  0.125600
67 1657.5  0.114100
68 1660.0  0.101700
69 1662.5  0.093500
70 1665.0  0.083800
71 1667.5  0.073700
72 1670.0  0.066300
73 1672.5  0.058600
74 1675.0  0.051600
75 1677.5  0.043400
76 1680.0  0.035800
77 1682.5  0.029600
78 1685.0  0.022900
79 1687.5  0.016500
80 1690.0  0.011800
81 1692.5  0.006500
82 1695.0  0.004000
83 1697.5  0.001100
84 1700.0  0.000000
26 85 1490.0 1700.0 D3mV
0 1490.0  1.000000
1 1492.5  1.000000
2 1495.0  0.999800
3 1497.5  0.999500
4 1500.0  0.998800
5 1502.5  0.998400
6 1505.0  0.998000
7 1507.5  0.997600
8 1510.0  0.996800
9 1512.5  0.995800
10 1515.0  0.994700
11 1517.5  0.992800
12 1520.0  0.990900
13 1522.5  0.989000
14 1525.0  0.986400
15 1527.5  0.983800
16 1530.0  0.980600
17 1532.5  0.977300
18 1535.0  0.973300
19 1537.5  0.968700
20 1540.0  0.962600
21 1542.5  0.956800
22 1545.0  0.947400
23 1547.5  0.938000
24 1550.0  0.928800
25 1552.5  0.915300
26 1555.0  0.904700
27 1557.5  0.888600
28 1560.0  0.871300
29 1562.5  0.856500
30 1565.0  0.838300
31 1567.5  0.817300
32 1570.0  0.798900
33 1572.5  0.777600
34 1575.0  0.758300
35 1577.5  0.736000
36 1580.0  0.714000
37 1582.5  0.694100
38 1585.0  0.667400
39 1587.5  0.641600
40 1590.0  0.621200
41 1592.5  0.595800
42 1595.0  0.575400
43 1597.5  0.549700
44 1600.0  0.525500
45 1602.5  0.505800
46 1605.0  0.482000
47 1607.5  0.457800
48 1610.0  0.439300
49 1612.5  0.416600
50 1615.0  0.397500
51 1617.5  0.374800
52 1620.0  0.351700
53 1622.5  0.334400
54 1625.0  0.314100
55 1627.5  0.294200
56 1630.0  0.276800
57 1632.5  0.258800
58 1635.0  0.243900
59 1637.5  0.226500
60 1640.0  0.209300
61 1642.5  0.196400
62 1645.0  0.179800
63 1647.5  0.164000
64 1650.0  0.152200
65 1652.5  0.139900
66 1655.0  0.130000
67 1657.5  0.118800
68 1660.0  0.107700
69 1662.5  0.099800
70 1665.0  0.089300
71 1667.5  0.080200
72 1670.0  0.072100
73 1672.5  0.062100
74 1675.0  0.055800
75 1677.5  0.048300
76 1680.0  0.039400
77 1682.5  0.033300
78 1685.0  0.026000
79 1687.5  0.019500
80 1690.0  0.013600
81 1692.5  0.007700
82 1695.0  0.004100
83 1697.5  0.001300
84 1700.0  0.000000
27 85 1490.0 1700.0 D3mXp
0 1490.0  1.000000
1 1492.5  1.000000
2 1495.0  0.999700
3 1497.5  0.999200
4 1500.0  0.998700
5 1502.5  0.998300
6 1505.0  0.997900
7 1507.5  0.996600
8 1510.0  0.996000
9 1512.5  0.995000
10 1515.0  0.994100
11 1517.5  0.993100
12 1520.0  0.991500
13 1522.5  0.990300
14 1525.0  0.988400
15 1527.5  0.986100
16 1530.0  0.984000
17 1532.5  0.980000
18 1535.0  0.976200
19 1537.5  0.971500
20 1540.0  0.964800
21 1542.5  0.958600
22 1545.0  0.951100
23 1547.5  0.941800
24 1550.0  0.933200
25 1552.5  0.922200
26 1555.0  0.911800
27 1557.5  0.896000
28 1560.0  0.879400
29 1562.5  0.863900
30 1565.0  0.843200
31 1567.5  0.822800
32 1570.0  0.806200
33 1572.5  0.784700
34 1575.0  0.765900
35 1577.5  0.743600
36 1580.0  0.719700
37 1582.5  0.699800
38 1585.0  0.674400
39 1587.5  0.649800
40 1590.0  0.630300
41 1592.5  0.603700
42 1595.0  0.584200
43 1597.5  0.558900
44 1600.0  0.535400
45 1602.5  0.514600
46 1605.0  0.491600
47 1607.5  0.467900
48 1610.0  0.448500
49 1612.5  0.426300
50 1615.0  0.405900
51 1617.5  0.385100
52 1620.0  0.362400
53 1622.5  0.342600
54 1625.0  0.320100
55 1627.5  0.301100
56 1630.0  0.283900
57 1632.5  0.265100
58 1635.0  0.248500
59 1637.5  0.230400
60 1640.0  0.211800
61 1642.5  0.198800
62 1645.0  0.182500
63 1647.5  0.165700
64 1650.0  0.151900
65 1652.5  0.137100
66 1655.0  0.126300
67 1657.5  0.113800
68 1660.0  0.103600
69 1662.5  0.094600
70 1665.0  0.084000
71 1667.5  0.075200
72 1670.0  0.068100
73 1672.5  0.059100
74 1675.0  0.052400
75 1677.5  0.044600
76 1680.0  0.037700
77 1682.5  0.031300
78 1685.0  0.024900
79 1687.5  0.018600
80 1690.0  0.014000
81 1692.5  0.007500
82 1695.0  0.004200
83 1697.5  0.001300
84 1700.0  0.000000
28 85 1490.0 1700.0 D3mX
0 1490.0  1.000000
1 1492.5  1.000000
2 1495.0  0.999900
3 1497.5  0.999600
4 1500.0  0.999300
5 1502.5  0.998700
6 1505.0  0.998300
7 1507.5  0.997400
8 1510.0  0.997000
9 1512.5  0.995800
10 1515.0  0.994700
11 1517.5  0.993600
12 1520.0  0.991900
13 1522.5  0.990700
14 1525.0  0.988600
15 1527.5  0.986000
16 1530.0  0.983300
17 1532.5  0.979600
18 1535.0  0.975700
19 1537.5  0.970800
20 1540.0  0.964900
21 1542.5  0.958800
22 1545.0  0.950600
23 1547.5  0.941200
24 1550.0  0.932000
25 1552.5  0.920100
26 1555.0  0.909400
27 1557.5  0.895000
28 1560.0  0.879100
29 1562.5  0.864500
30 1565.0  0.845800
31 1567.5  0.826100
32 1570.0  0.808100
33 1572.5  0.786700
34 1575.0  0.768300
35 1577.5  0.745000
36 1580.0  0.720300
37 1582.5  0.699700
38 1585.0  0.675100
39 1587.5  0.649400
40 1590.0  0.630500
41 1592.5  0.607500
42 1595.0  0.587000
43 1597.5  0.561000
44 1600.0  0.535700
45 1602.5  0.514600
46 1605.0  0.490500
47 1607.5  0.468300
48 1610.0  0.449600
49 1612.5  0.426500
50 1615.0  0.408600
51 1617.5  0.384900
52 1620.0  0.365100
53 1622.5  0.346800
54 1625.0  0.324300
55 1627.5  0.303800
56 1630.0  0.287500
57 1632.5  0.268300
58 1635.0  0.253800
59 1637.5  0.235300
60 1640.0  0.217500
61 1642.5  0.202300
62 1645.0  0.186400
63 1647.5  0.171100
64 1650.0  0.159600
65 1652.5  0.145700
66 1655.0  0.134200
67 1657.5  0.121700
68 1660.0  0.110100
69 1662.5  0.100200
70 1665.0  0.088400
71 1667.5  0.078800
72 1670.0  0.071500
73 1672.5  0.063000
74 1675.0  0.055900
75 1677.5  0.048200
76 1680.0  0.040600
77 1682.5  0.034400
78 1685.0  0.026200
79 1687.5  0.019500
80 1690.0  0.013500
81 1692.5  0.007700
82 1695.0  0.004100
83 1697.5  0.001300
84 1700.0  0.000000
29 85 1490.0 1700.0 D3mUp
0 1490.0  1.000000
1 1492.5  1.000000
2 1495.0  0.999600
3 1497.5  0.999300
4 1500.0  0.998800
5 1502.5  0.998400
6 1505.0  0.997600
7 1507.5  0.996500
8 1510.0  0.995600
9 1512.5  0.994800
10 1515.0  0.994200
11 1517.5  0.993000
12 1520.0  0.991400
13 1522.5  0.990200
14 1525.0  0.987600
15 1527.5  0.984900
16 1530.0  0.982700
17 1532.5  0.978400
18 1535.0  0.975300
19 1537.5  0.969500
20 1540.0  0.963900
21 1542.5  0.958700
22 1545.0  0.950900
23 1547.5  0.940800
24 1550.0  0.931900
25 1552.5  0.918400
26 1555.0  0.906600
27 1557.5  0.891100
28 1560.0  0.875000
29 1562.5  0.860200
30 1565.0  0.841100
31 1567.5  0.822000
32 1570.0  0.803700
33 1572.5  0.781100
34 1575.0  0.762600
35 1577.5  0.738900
36 1580.0  0.715600
37 1582.5  0.696400
38 1585.0  0.674200
39 1587.5  0.648100
40 1590.0  0.628900
41 1592.5  0.604200
42 1595.0  0.582100
43 1597.5  0.557100
44 1600.0  0.533000
45 1602.5  0.513200
46 1605.0  0.488300
47 1607.5  0.464100
48 1610.0  0.444100
49 1612.5  0.422700
50 1615.0  0.404600
51 1617.5  0.383800
52 1620.0  0.360900
53 1622.5  0.342000
54 1625.0  0.322000
55 1627.5  0.302000
56 1630.0  0.284800
57 1632.5  0.266400
58 1635.0  0.250000
59 1637.5  0.230400
60 1640.0  0.212400
61 1642.5  0.197800
62 1645.0  0.182400
63 1647.5  0.166500
64 1650.0  0.154800
65 1652.5  0.140400
66 1655.0  0.130300
67 1657.5  0.118300
68 1660.0  0.106500
69 1662.5  0.097300
70 1665.0  0.086400
71 1667.5  0.076700
72 1670.0  0.068500
73 1672.5  0.059400
74 1675.0  0.052300
75 1677.5  0.044300
76 1680.0  0.037100
77 1682.5  0.032000
78 1685.0  0.025800
79 1687.5  0.018800
80 1690.0  0.012900
81 1692.5  0.007800
82 1695.0  0.004000
83 1697.5  0.001700
84 1700.0  0.000000
30 85 1490.0 1700.0 D3mU
0 1490.0  1.000000
1 1492.5  0.999800
2 1495.0  0.999500
3 1497.5  0.999100
4 1500.0  0.997800
5 1502.5  0.997300
6 1505.0  0.995900
7 1507.5  0.994500
8 1510.0  0.993500
9 1512.5  0.992100
10 1515.0  0.990800
11 1517.5  0.989500
12 1520.0  0.986900
13 1522.5  0.985200
14 1525.0  0.982400
15 1527.5  0.979800
16 1530.0  0.976700
17 1532.5  0.972900
18 1535.0  0.969100
19 1537.5  0.963300
20 1540.0  0.957300
21 1542.5  0.950300
22 1545.0  0.941100
23 1547.5  0.930600
24 1550.0  0.919600
25 1552.5  0.907500
26 1555.0  0.895900
27 1557.5  0.880900
28 1560.0  0.864000
29 1562.5  0.848300
30 1565.0  0.830400
31 1567.5  0.810600
32 1570.0  0.795400
33 1572.5  0.772600
34 1575.0  0.754000
35 1577.5  0.732300
36 1580.0  0.708000
37 1582.5  0.685200
38 1585.0  0.659600
39 1587.5  0.635900
40 1590.0  0.616100
41 1592.5  0.592800
42 1595.0  0.572200
43 1597.5  0.546900
44 1600.0  0.522300
45 1602.5  0.501500
46 1605.0  0.478300
47 1607.5  0.455200
48 1610.0  0.434400
49 1612.5  0.409700
50 1615.0  0.391200
51 1617.5  0.367600
52 1620.0  0.345100
53 1622.5  0.327900
54 1625.0  0.306400
55 1627.5  0.283400
56 1630.0  0.266200
57 1632.5  0.247400
58 1635.0  0.232100
59 1637.5  0.213900
60 1640.0  0.193700
61 1642.5  0.181200
62 1645.0  0.166100
63 1647.5  0.150900
64 1650.0  0.138800
65 1652.5  0.124800
66 1655.0  0.115100
67 1657.5  0.104400
68 1660.0  0.092900
69 1662.5  0.083800
70 1665.0  0.073600
71 1667.5  0.063300
72 1670.0  0.055000
73 1672.5  0.048000
74 1675.0  0.042700
75 1677.5  0.036100
76 1680.0  0.028800
77 1682.5  0.024600
78 1685.0  0.019400
79 1687.5  0.013700
80 1690.0  0.009000
81 1692.5  0.004700
82 1695.0  0.002600
83 1697.5  0.000600
84 1700.0  0.000000
47 256 560.0 1200.0 P1Y1
0 562.5  2.381250
1 565.0  2.381010
2 567.5  2.380660
3 570.0  2.380630
4 572.5  2.380660
5 575.0  2.380450
6 577.5  2.380080
7 580.0  2.379720
8 582.5  2.379490
9 585.0  2.379450
10 587.5  2.379490
11 590.0  2.379500
12 592.5  2.379490
13 595.0  2.379500
14 597.5  2.379490
15 600.0  2.379460
16 602.5  2.379490
17 605.0  2.379600
18 607.5  2.379490
19 610.0  2.378920
20 612.5  2.378320
21 615.0  2.378160
22 617.5  2.378320
23 620.0  2.378520
24 622.5  2.378320
25 625.0  2.377470
26 627.5  2.376570
27 630.0  2.376200
28 632.5  2.375980
29 635.0  2.375450
30 637.5  2.374810
31 640.0  2.374370
32 642.5  2.374230
33 645.0  2.374340
34 647.5  2.374230
35 650.0  2.373500
36 652.5  2.372470
37 655.0  2.371520
38 657.5  2.370710
39 660.0  2.369950
40 662.5  2.368960
41 665.0  2.367530
42 667.5  2.366030
43 670.0  2.364760
44 672.5  2.363100
45 675.0  2.360520
46 677.5  2.357840
47 680.0  2.355910
48 682.5  2.354320
49 685.0  2.352560
50 687.5  2.350810
51 690.0  2.349320
52 692.5  2.347880
53 695.0  2.346290
54 697.5  2.344960
55 700.0  2.344090
56 702.5  2.342620
57 705.0  2.339560
58 707.5  2.335590
59 710.0  2.331560
60 712.5  2.327400
61 715.0  2.322880
62 717.5  2.318030
63 720.0  2.312930
64 722.5  2.307490
65 725.0  2.301810
66 727.5  2.296960
67 730.0  2.293600
68 732.5  2.289930
69 735.0  2.284380
70 737.5  2.278810
71 740.0  2.275250
72 742.5  2.272960
73 745.0  2.270460
74 747.5  2.265930
75 750.0  2.258420
76 752.5  2.250710
77 755.0  2.245470
78 757.5  2.241350
79 760.0  2.236450
80 762.5  2.230810
81 765.0  2.224690
82 767.5  2.217350
83 770.0  2.208240
84 772.5  2.198620
85 775.0  2.189750
86 777.5  2.181060
87 780.0  2.171870
88 782.5  2.162910
89 785.0  2.155060
90 787.5  2.148280
91 790.0  2.142190
92 792.5  2.135980
93 795.0  2.128900
94 797.5  2.120760
95 800.0  2.111650
96 802.5  2.102030
97 805.0  2.092520
98 807.5  2.083890
99 810.0  2.076530
100 812.5  2.069250
101 815.0  2.060630
102 817.5  2.049940
103 820.0  2.037290
104 822.5  2.025350
105 825.0  2.016290
106 827.5  2.007790
107 830.0  1.997490
108 832.5  1.987300
109 835.0  1.979240
110 837.5  1.971500
111 840.0  1.961940
112 842.5  1.951010
113 845.0  1.939590
114 847.5  1.927590
115 850.0  1.915130
116 852.5  1.904180
117 855.0  1.896300
118 857.5  1.889550
119 860.0  1.881590
120 862.5  1.871990
121 865.0  1.861020
122 867.5  1.849740
123 870.0  1.839150
124 872.5  1.829250
125 875.0  1.819500
126 877.5  1.808180
127 880.0  1.794280
128 882.5  1.780670
129 885.0  1.769940
130 887.5  1.759600
131 890.0  1.747140
132 892.5  1.735010
133 895.0  1.725550
134 897.5  1.715690
135 900.0  1.702230
136 902.5  1.687010
137 905.0  1.672450
138 907.5  1.658330
139 910.0  1.644140
140 912.5  1.630820
141 915.0  1.618890
142 917.5  1.605650
143 920.0  1.588920
144 922.5  1.571700
145 925.0  1.557040
146 927.5  1.543010
147 930.0  1.527350
148 932.5  1.511400
149 935.0  1.496790
150 937.5  1.482720
151 940.0  1.467910
152 942.5  1.451700
153 945.0  1.434020
154 947.5  1.416570
155 950.0  1.401060
156 952.5  1.387310
157 955.0  1.374270
158 957.5  1.359210
159 960.0  1.340470
160 962.5  1.322330
161 965.0  1.308780
162 967.5  1.296580
163 970.0  1.281660
164 972.5  1.263800
165 975.0  1.243900
166 977.5  1.223410
167 980.0  1.203700
168 982.5  1.185360
169 985.0  1.168540
170 987.5  1.152580
171 990.0  1.136610
172 992.5  1.119800
173 995.0  1.101770
174 997.5  1.084090
175 1000.0  1.068030
176 1002.5  1.051890
177 1005.0  1.033760
178 1007.5  1.013850
179 1010.0  0.993061
180 1012.5  0.972871
181 1015.0  0.954233
182 1017.5  0.935407
183 1020.0  0.914841
184 1022.5  0.894432
185 1025.0  0.875701
186 1027.5  0.855213
187 1030.0  0.830193
188 1032.5  0.805457
189 1035.0  0.785390
190 1037.5  0.765067
191 1040.0  0.739526
192 1042.5  0.712970
193 1045.0  0.690397
194 1047.5  0.670824
195 1050.0  0.651732
196 1052.5  0.630434
197 1055.0  0.605205
198 1057.5  0.578337
199 1060.0  0.552370
200 1062.5  0.526825
201 1065.0  0.500875
202 1067.5  0.475313
203 1070.0  0.451056
204 1072.5  0.427899
205 1075.0  0.405195
206 1077.5  0.381656
207 1080.0  0.356098
208 1082.5  0.328388
209 1085.0  0.299302
210 1087.5  0.272193
211 1090.0  0.249829
212 1092.5  0.230047
213 1095.0  0.210151
214 1097.5  0.190242
215 1100.0  0.170948
216 1102.5  0.152194
217 1105.0  0.133951
218 1107.5  0.117072
219 1110.0  0.102437
220 1112.5  0.090146
221 1115.0  0.079857
222 1117.5  0.070243
223 1120.0  0.060325
224 1122.5  0.051512
225 1125.0  0.045058
226 1127.5  0.039219
227 1130.0  0.032369
228 1132.5  0.026341
229 1135.0  0.022955
230 1137.5  0.020488
231 1140.0  0.017031
232 1142.5  0.013463
233 1145.0  0.010992
234 1147.5  0.009366
235 1150.0  0.008000
236 1152.5  0.006439
237 1155.0  0.004496
238 1157.5  0.002927
239 1160.0  0.002405
240 1162.5  0.002341
241 1165.0  0.002055
242 1167.5  0.001756
243 1170.0  0.001739
244 1172.5  0.001756
245 1175.0  0.001524
246 1177.5  0.001171
247 1180.0  0.000874
248 1182.5  0.000585
249 1185.0  0.000251
250 1187.5  0.000000
251 1190.0  0.000047
252 1192.5  0.000000
253 1195.0  0.000009
254 1197.5  0.000000
255 1200.0  0.000028
48 256 560.0 1200.0 P1Y2
0 562.5  2.381250
1 565.0  2.381010
2 567.5  2.380660
3 570.0  2.380630
4 572.5  2.380660
5 575.0  2.380450
6 577.5  2.380080
7 580.0  2.379720
8 582.5  2.379490
9 585.0  2.379450
10 587.5  2.379490
11 590.0  2.379500
12 592.5  2.379490
13 595.0  2.379500
14 597.5  2.379490
15 600.0  2.379460
16 602.5  2.379490
17 605.0  2.379600
18 607.5  2.379490
19 610.0  2.378920
20 612.5  2.378320
21 615.0  2.378160
22 617.5  2.378320
23 620.0  2.378520
24 622.5  2.378320
25 625.0  2.377470
26 627.5  2.376570
27 630.0  2.376200
28 632.5  2.375980
29 635.0  2.375450
30 637.5  2.374810
31 640.0  2.374370
32 642.5  2.374230
33 645.0  2.374340
34 647.5  2.374230
35 650.0  2.373500
36 652.5  2.372470
37 655.0  2.371520
38 657.5  2.370710
39 660.0  2.369950
40 662.5  2.368960
41 665.0  2.367530
42 667.5  2.366030
43 670.0  2.364760
44 672.5  2.363100
45 675.0  2.360520
46 677.5  2.357840
47 680.0  2.355910
48 682.5  2.354320
49 685.0  2.352560
50 687.5  2.350810
51 690.0  2.349320
52 692.5  2.347880
53 695.0  2.346290
54 697.5  2.344960
55 700.0  2.344090
56 702.5  2.342620
57 705.0  2.339560
58 707.5  2.335590
59 710.0  2.331560
60 712.5  2.327400
61 715.0  2.322880
62 717.5  2.318030
63 720.0  2.312930
64 722.5  2.307490
65 725.0  2.301810
66 727.5  2.296960
67 730.0  2.293600
68 732.5  2.289930
69 735.0  2.284380
70 737.5  2.278810
71 740.0  2.275250
72 742.5  2.272960
73 745.0  2.270460
74 747.5  2.265930
75 750.0  2.258420
76 752.5  2.250710
77 755.0  2.245470
78 757.5  2.241350
79 760.0  2.236450
80 762.5  2.230810
81 765.0  2.224690
82 767.5  2.217350
83 770.0  2.208240
84 772.5  2.198620
85 775.0  2.189750
86 777.5  2.181060
87 780.0  2.171870
88 782.5  2.162910
89 785.0  2.155060
90 787.5  2.148280
91 790.0  2.142190
92 792.5  2.135980
93 795.0  2.128900
94 797.5  2.120760
95 800.0  2.111650
96 802.5  2.102030
97 805.0  2.092520
98 807.5  2.083890
99 810.0  2.076530
100 812.5  2.069250
101 815.0  2.060630
102 817.5  2.049940
103 820.0  2.037290
104 822.5  2.025350
105 825.0  2.016290
106 827.5  2.007790
107 830.0  1.997490
108 832.5  1.987300
109 835.0  1.979240
110 837.5  1.971500
111 840.0  1.961940
112 842.5  1.951010
113 845.0  1.939590
114 847.5  1.927590
115 850.0  1.915130
116 852.5  1.904180
117 855.0  1.896300
118 857.5  1.889550
119 860.0  1.881590
120 862.5  1.871990
121 865.0  1.861020
122 867.5  1.849740
123 870.0  1.839150
124 872.5  1.829250
125 875.0  1.819500
126 877.5  1.808180
127 880.0  1.794280
128 882.5  1.780670
129 885.0  1.769940
130 887.5  1.759600
131 890.0  1.747140
132 892.5  1.735010
133 895.0  1.725550
134 897.5  1.715690
135 900.0  1.702230
136 902.5  1.687010
137 905.0  1.672450
138 907.5  1.658330
139 910.0  1.644140
140 912.5  1.630820
141 915.0  1.618890
142 917.5  1.605650
143 920.0  1.588920
144 922.5  1.571700
145 925.0  1.557040
146 927.5  1.543010
147 930.0  1.527350
148 932.5  1.511400
149 935.0  1.496790
150 937.5  1.482720
151 940.0  1.467910
152 942.5  1.451700
153 945.0  1.434020
154 947.5  1.416570
155 950.0  1.401060
156 952.5  1.387310
157 955.0  1.374270
158 957.5  1.359210
159 960.0  1.340470
160 962.5  1.322330
161 965.0  1.308780
162 967.5  1.296580
163 970.0  1.281660
164 972.5  1.263800
165 975.0  1.243900
166 977.5  1.223410
167 980.0  1.203700
168 982.5  1.185360
169 985.0  1.168540
170 987.5  1.152580
171 990.0  1.136610
172 992.5  1.119800
173 995.0  1.101770
174 997.5  1.084090
175 1000.0  1.068030
176 1002.5  1.051890
177 1005.0  1.033760
178 1007.5  1.013850
179 1010.0  0.993061
180 1012.5  0.972871
181 1015.0  0.954233
182 1017.5  0.935407
183 1020.0  0.914841
184 1022.5  0.894432
185 1025.0  0.875701
186 1027.5  0.855213
187 1030.0  0.830193
188 1032.5  0.805457
189 1035.0  0.785390
190 1037.5  0.765067
191 1040.0  0.739526
192 1042.5  0.712970
193 1045.0  0.690397
194 1047.5  0.670824
195 1050.0  0.651732
196 1052.5  0.630434
197 1055.0  0.605205
198 1057.5  0.578337
199 1060.0  0.552370
200 1062.5  0.526825
201 1065.0  0.500875
202 1067.5  0.475313
203 1070.0  0.451056
204 1072.5  0.427899
205 1075.0  0.405195
206 1077.5  0.381656
207 1080.0  0.356098
208 1082.5  0.328388
209 1085.0  0.299302
210 1087.5  0.272193
211 1090.0  0.249829
212 1092.5  0.230047
213 1095.0  0.210151
214 1097.5  0.190242
215 1100.0  0.170948
216 1102.5  0.152194
217 1105.0  0.133951
218 1107.5  0.117072
219 1110.0  0.102437
220 1112.5  0.090146
221 1115.0  0.079857
222 1117.5  0.070243
223 1120.0  0.060325
224 1122.5  0.051512
225 1125.0  0.045058
226 1127.5  0.039219
227 1130.0  0.032369
228 1132.5  0.026341
229 1135.0  0.022955
230 1137.5  0.020488
231 1140.0  0.017031
232 1142.5  0.013463
233 1145.0  0.010992
234 1147.5  0.009366
235 1150.0  0.008000
236 1152.5  0.006439
237 1155.0  0.004496
238 1157.5  0.002927
239 1160.0  0.002405
240 1162.5  0.002341
241 1165.0  0.002055
242 1167.5  0.001756
243 1170.0  0.001739
244 1172.5  0.001756
245 1175.0  0.001524
246 1177.5  0.001171
247 1180.0  0.000874
248 1182.5  0.000585
249 1185.0  0.000251
250 1187.5  0.000000
251 1190.0  0.000047
252 1192.5  0.000000
253 1195.0  0.000009
254 1197.5  0.000000
255 1200.0  0.000028
49 256 560.0 1200.0 P1X1
0 562.5  2.381250
1 565.0  2.381240
2 567.5  2.381250
3 570.0  2.381280
4 572.5  2.381250
5 575.0  2.381070
6 577.5  2.380620
7 580.0  2.379910
8 582.5  2.379360
9 585.0  2.379300
10 587.5  2.379360
11 590.0  2.379120
12 592.5  2.378730
13 595.0  2.378410
14 597.5  2.378100
15 600.0  2.377720
16 602.5  2.377470
17 605.0  2.377490
18 607.5  2.377470
19 610.0  2.377160
20 612.5  2.376840
21 615.0  2.376820
22 617.5  2.376840
23 620.0  2.376600
24 622.5  2.376210
25 625.0  2.375840
26 627.5  2.375580
27 630.0  2.375410
28 632.5  2.374950
29 635.0  2.373940
30 637.5  2.373060
31 640.0  2.372950
32 642.5  2.373060
33 645.0  2.372790
34 647.5  2.372430
35 650.0  2.372340
36 652.5  2.372430
37 655.0  2.372490
38 657.5  2.372430
39 660.0  2.372200
40 662.5  2.371800
41 665.0  2.371230
42 667.5  2.370540
43 670.0  2.369800
44 672.5  2.369270
45 675.0  2.369140
46 677.5  2.369270
47 680.0  2.369420
48 682.5  2.369270
49 685.0  2.368650
50 687.5  2.368010
51 690.0  2.367750
52 692.5  2.367380
53 695.0  2.366360
54 697.5  2.364860
55 700.0  2.363200
56 702.5  2.361710
57 705.0  2.360630
58 707.5  2.359820
59 710.0  2.358940
60 712.5  2.357300
61 715.0  2.354400
62 717.5  2.351000
63 720.0  2.347880
64 722.5  2.344690
65 725.0  2.341000
66 727.5  2.337130
67 730.0  2.333350
68 732.5  2.328940
69 735.0  2.323260
70 737.5  2.316960
71 740.0  2.310910
72 742.5  2.305610
73 745.0  2.301050
74 747.5  2.295530
75 750.0  2.287610
76 752.5  2.278510
77 755.0  2.269930
78 757.5  2.262750
79 760.0  2.257070
80 762.5  2.250780
81 765.0  2.241990
82 767.5  2.231870
83 770.0  2.222040
84 772.5  2.212960
85 775.0  2.204660
86 777.5  2.196570
87 780.0  2.188060
88 782.5  2.178930
89 785.0  2.169270
90 787.5  2.160020
91 790.0  2.151780
92 792.5  2.143000
93 795.0  2.132290
94 797.5  2.120940
95 800.0  2.110560
96 802.5  2.101400
97 805.0  2.093030
98 807.5  2.083750
99 810.0  2.072360
100 812.5  2.061060
101 815.0  2.052020
102 817.5  2.044040
103 820.0  2.035330
104 822.5  2.025130
105 825.0  2.013290
106 827.5  2.001180
107 830.0  1.990180
108 832.5  1.980380
109 835.0  1.971280
110 837.5  1.961470
111 840.0  1.949860
112 842.5  1.937520
113 845.0  1.925610
114 847.5  1.913570
115 850.0  1.900730
116 852.5  1.887730
117 855.0  1.875460
118 857.5  1.864410
119 860.0  1.854740
120 862.5  1.845500
121 865.0  1.835800
122 867.5  1.825960
123 870.0  1.816280
124 872.5  1.805790
125 875.0  1.793850
126 877.5  1.782470
127 880.0  1.773190
128 882.5  1.762930
129 885.0  1.749030
130 887.5  1.735200
131 890.0  1.725070
132 892.5  1.715660
133 895.0  1.703670
134 897.5  1.691080
135 900.0  1.680060
136 902.5  1.668390
137 905.0  1.654100
138 907.5  1.640650
139 910.0  1.630970
140 912.5  1.620490
141 915.0  1.604560
142 917.5  1.585820
143 920.0  1.567980
144 922.5  1.551780
145 925.0  1.536940
146 927.5  1.522160
147 930.0  1.506310
148 932.5  1.490010
149 935.0  1.473930
150 937.5  1.457240
151 940.0  1.439180
152 942.5  1.420680
153 945.0  1.402810
154 947.5  1.385390
155 950.0  1.368260
156 952.5  1.352610
157 955.0  1.339090
158 957.5  1.324880
159 960.0  1.307300
160 962.5  1.287690
161 965.0  1.268150
162 967.5  1.249870
163 970.0  1.233020
164 972.5  1.214580
165 975.0  1.192410
166 977.5  1.171090
167 980.0  1.155050
168 982.5  1.141460
169 985.0  1.126710
170 987.5  1.111210
171 990.0  1.095730
172 992.5  1.078430
173 995.0  1.057650
174 997.5  1.034940
175 1000.0  1.012530
176 1002.5  0.992082
177 1005.0  0.974406
178 1007.5  0.957416
179 1010.0  0.938893
180 1012.5  0.918968
181 1015.0  0.897834
182 1017.5  0.873587
183 1020.0  0.845465
184 1022.5  0.819382
185 1025.0  0.800160
186 1027.5  0.781564
187 1030.0  0.757364
188 1032.5  0.732401
189 1035.0  0.711806
190 1037.5  0.690802
191 1040.0  0.664549
192 1042.5  0.637857
193 1045.0  0.615661
194 1047.5  0.593737
195 1050.0  0.567670
196 1052.5  0.541422
197 1055.0  0.519216
198 1057.5  0.497932
199 1060.0  0.473527
200 1062.5  0.445618
201 1065.0  0.415435
202 1067.5  0.387000
203 1070.0  0.363531
204 1072.5  0.342250
205 1075.0  0.319531
206 1077.5  0.294347
207 1080.0  0.267113
208 1082.5  0.241403
209 1085.0  0.220370
210 1087.5  0.202324
211 1090.0  0.184874
212 1092.5  0.167658
213 1095.0  0.151105
214 1097.5  0.136774
215 1100.0  0.125736
216 1102.5  0.115974
217 1105.0  0.105299
218 1107.5  0.093914
219 1110.0  0.082653
220 1112.5  0.072484
221 1115.0  0.064071
222 1117.5  0.056726
223 1120.0  0.049799
224 1122.5  0.044121
225 1125.0  0.040379
226 1127.5  0.037187
227 1130.0  0.033081
228 1132.5  0.028363
229 1135.0  0.023713
230 1137.5  0.019539
231 1140.0  0.016088
232 1142.5  0.013236
233 1145.0  0.010892
234 1147.5  0.009454
235 1150.0  0.009126
236 1152.5  0.008824
237 1155.0  0.007597
238 1157.5  0.006303
239 1160.0  0.005866
240 1162.5  0.005673
241 1165.0  0.005022
242 1167.5  0.004412
243 1170.0  0.004378
244 1172.5  0.004412
245 1175.0  0.003940
246 1177.5  0.003151
247 1180.0  0.002397
248 1182.5  0.001891
249 1185.0  0.001758
250 1187.5  0.001891
251 1190.0  0.002075
252 1192.5  0.001891
253 1195.0  0.001129
254 1197.5  0.000630
255 1200.0  0.001497
50 256 560.0 1200.0 P1X2
0 562.5  2.381250
1 565.0  2.381240
2 567.5  2.381250
3 570.0  2.381280
4 572.5  2.381250
5 575.0  2.381070
6 577.5  2.380620
7 580.0  2.379910
8 582.5  2.379360
9 585.0  2.379300
10 587.5  2.379360
11 590.0  2.379120
12 592.5  2.378730
13 595.0  2.378410
14 597.5  2.378100
15 600.0  2.377720
16 602.5  2.377470
17 605.0  2.377490
18 607.5  2.377470
19 610.0  2.377160
20 612.5  2.376840
21 615.0  2.376820
22 617.5  2.376840
23 620.0  2.376600
24 622.5  2.376210
25 625.0  2.375840
26 627.5  2.375580
27 630.0  2.375410
28 632.5  2.374950
29 635.0  2.373940
30 637.5  2.373060
31 640.0  2.372950
32 642.5  2.373060
33 645.0  2.372790
34 647.5  2.372430
35 650.0  2.372340
36 652.5  2.372430
37 655.0  2.372490
38 657.5  2.372430
39 660.0  2.372200
40 662.5  2.371800
41 665.0  2.371230
42 667.5  2.370540
43 670.0  2.369800
44 672.5  2.369270
45 675.0  2.369140
46 677.5  2.369270
47 680.0  2.369420
48 682.5  2.369270
49 685.0  2.368650
50 687.5  2.368010
51 690.0  2.367750
52 692.5  2.367380
53 695.0  2.366360
54 697.5  2.364860
55 700.0  2.363200
56 702.5  2.361710
57 705.0  2.360630
58 707.5  2.359820
59 710.0  2.358940
60 712.5  2.357300
61 715.0  2.354400
62 717.5  2.351000
63 720.0  2.347880
64 722.5  2.344690
65 725.0  2.341000
66 727.5  2.337130
67 730.0  2.333350
68 732.5  2.328940
69 735.0  2.323260
70 737.5  2.316960
71 740.0  2.310910
72 742.5  2.305610
73 745.0  2.301050
74 747.5  2.295530
75 750.0  2.287610
76 752.5  2.278510
77 755.0  2.269930
78 757.5  2.262750
79 760.0  2.257070
80 762.5  2.250780
81 765.0  2.241990
82 767.5  2.231870
83 770.0  2.222040
84 772.5  2.212960
85 775.0  2.204660
86 777.5  2.196570
87 780.0  2.188060
88 782.5  2.178930
89 785.0  2.169270
90 787.5  2.160020
91 790.0  2.151780
92 792.5  2.143000
93 795.0  2.132290
94 797.5  2.120940
95 800.0  2.110560
96 802.5  2.101400
97 805.0  2.093030
98 807.5  2.083750
99 810.0  2.072360
100 812.5  2.061060
101 815.0  2.052020
102 817.5  2.044040
103 820.0  2.035330
104 822.5  2.025130
105 825.0  2.013290
106 827.5  2.001180
107 830.0  1.990180
108 832.5  1.980380
109 835.0  1.971280
110 837.5  1.961470
111 840.0  1.949860
112 842.5  1.937520
113 845.0  1.925610
114 847.5  1.913570
115 850.0  1.900730
116 852.5  1.887730
117 855.0  1.875460
118 857.5  1.864410
119 860.0  1.854740
120 862.5  1.845500
121 865.0  1.835800
122 867.5  1.825960
123 870.0  1.816280
124 872.5  1.805790
125 875.0  1.793850
126 877.5  1.782470
127 880.0  1.773190
128 882.5  1.762930
129 885.0  1.749030
130 887.5  1.735200
131 890.0  1.725070
132 892.5  1.715660
133 895.0  1.703670
134 897.5  1.691080
135 900.0  1.680060
136 902.5  1.668390
137 905.0  1.654100
138 907.5  1.640650
139 910.0  1.630970
140 912.5  1.620490
141 915.0  1.604560
142 917.5  1.585820
143 920.0  1.567980
144 922.5  1.551780
145 925.0  1.536940
146 927.5  1.522160
147 930.0  1.506310
148 932.5  1.490010
149 935.0  1.473930
150 937.5  1.457240
151 940.0  1.439180
152 942.5  1.420680
153 945.0  1.402810
154 947.5  1.385390
155 950.0  1.368260
156 952.5  1.352610
157 955.0  1.339090
158 957.5  1.324880
159 960.0  1.307300
160 962.5  1.287690
161 965.0  1.268150
162 967.5  1.249870
163 970.0  1.233020
164 972.5  1.214580
165 975.0  1.192410
166 977.5  1.171090
167 980.0  1.155050
168 982.5  1.141460
169 985.0  1.126710
170 987.5  1.111210
171 990.0  1.095730
172 992.5  1.078430
173 995.0  1.057650
174 997.5  1.034940
175 1000.0  1.012530
176 1002.5  0.992082
177 1005.0  0.974406
178 1007.5  0.957416
179 1010.0  0.938893
180 1012.5  0.918968
181 1015.0  0.897834
182 1017.5  0.873587
183 1020.0  0.845465
184 1022.5  0.819382
185 1025.0  0.800160
186 1027.5  0.781564
187 1030.0  0.757364
188 1032.5  0.732401
189 1035.0  0.711806
190 1037.5  0.690802
191 1040.0  0.664549
192 1042.5  0.637857
193 1045.0  0.615661
194 1047.5  0.593737
195 1050.0  0.567670
196 1052.5  0.541422
197 1055.0  0.519216
198 1057.5  0.497932
199 1060.0  0.473527
200 1062.5  0.445618
201 1065.0  0.415435
202 1067.5  0.387000
203 1070.0  0.363531
204 1072.5  0.342250
205 1075.0  0.319531
206 1077.5  0.294347
207 1080.0  0.267113
208 1082.5  0.241403
209 1085.0  0.220370
210 1087.5  0.202324
211 1090.0  0.184874
212 1092.5  0.167658
213 1095.0  0.151105
214 1097.5  0.136774
215 1100.0  0.125736
216 1102.5  0.115974
217 1105.0  0.105299
218 1107.5  0.093914
219 1110.0  0.082653
220 1112.5  0.072484
221 1115.0  0.064071
222 1117.5  0.056726
223 1120.0  0.049799
224 1122.5  0.044121
225 1125.0  0.040379
226 1127.5  0.037187
227 1130.0  0.033081
228 1132.5  0.028363
229 1135.0  0.023713
230 1137.5  0.019539
231 1140.0  0.016088
232 1142.5  0.013236
233 1145.0  0.010892
234 1147.5  0.009454
235 1150.0  0.009126
236 1152.5  0.008824
237 1155.0  0.007597
238 1157.5  0.006303
239 1160.0  0.005866
240 1162.5  0.005673
241 1165.0  0.005022
242 1167.5  0.004412
243 1170.0  0.004378
244 1172.5  0.004412
245 1175.0  0.003940
246 1177.5  0.003151
247 1180.0  0.002397
248 1182.5  0.001891
249 1185.0  0.001758
250 1187.5  0.001891
251 1190.0  0.002075
252 1192.5  0.001891
253 1195.0  0.001129
254 1197.5  0.000630
255 1200.0  0.001497
51 256 560.0 1200.0 P2X1
0 562.5  2.381250
1 565.0  2.381250
2 567.5  2.381250
3 570.0  2.381250
4 572.5  2.381250
5 575.0  2.381250
6 577.5  2.381250
7 580.0  2.381250
8 582.5  2.381250
9 585.0  2.381250
10 587.5  2.381250
11 590.0  2.381230
12 592.5  2.381250
13 595.0  2.381310
14 597.5  2.381250
15 600.0  2.380940
16 602.5  2.380660
17 605.0  2.380660
18 607.5  2.380660
19 610.0  2.380370
20 612.5  2.380060
21 615.0  2.380000
22 617.5  2.380060
23 620.0  2.380060
24 622.5  2.380060
25 625.0  2.380120
26 627.5  2.380060
27 630.0  2.379740
28 632.5  2.379470
29 635.0  2.379510
30 637.5  2.379470
31 640.0  2.378960
32 642.5  2.378280
33 645.0  2.377840
34 647.5  2.377690
35 650.0  2.377750
36 652.5  2.377690
37 655.0  2.377310
38 657.5  2.377090
39 660.0  2.377350
40 662.5  2.377090
41 665.0  2.375460
42 667.5  2.373530
43 670.0  2.372450
44 672.5  2.371750
45 675.0  2.370810
46 677.5  2.369960
47 680.0  2.369610
48 682.5  2.369370
49 685.0  2.368690
50 687.5  2.366990
51 690.0  2.364050
52 692.5  2.361050
53 695.0  2.359070
54 697.5  2.357490
55 700.0  2.355510
56 702.5  2.353330
57 705.0  2.351140
58 707.5  2.347990
59 710.0  2.343070
60 712.5  2.337300
61 715.0  2.331870
62 717.5  2.327200
63 720.0  2.323410
64 722.5  2.320070
65 725.0  2.316690
66 727.5  2.312940
67 730.0  2.308490
68 732.5  2.302850
69 735.0  2.295970
70 737.5  2.289780
71 740.0  2.285890
72 742.5  2.282650
73 745.0  2.278070
74 747.5  2.271960
75 750.0  2.264790
76 752.5  2.257700
77 755.0  2.251610
78 757.5  2.245820
79 760.0  2.239460
80 762.5  2.232760
81 765.0  2.225970
82 767.5  2.218500
83 770.0  2.209850
84 772.5  2.200680
85 775.0  2.191890
86 777.5  2.184050
87 780.0  2.177090
88 782.5  2.168610
89 785.0  2.156780
90 787.5  2.144250
91 790.0  2.133860
92 792.5  2.124650
93 795.0  2.115000
94 797.5  2.104460
95 800.0  2.093160
96 802.5  2.082480
97 805.0  2.073460
98 807.5  2.064660
99 810.0  2.054650
100 812.5  2.044470
101 815.0  2.035400
102 817.5  2.027240
103 820.0  2.019320
104 822.5  2.010610
105 825.0  2.000510
106 827.5  1.990410
107 830.0  1.981550
108 832.5  1.972590
109 835.0  1.962000
110 837.5  1.950020
111 840.0  1.937470
112 842.5  1.925670
113 845.0  1.915490
114 847.5  1.905480
115 850.0  1.894160
116 852.5  1.882310
117 855.0  1.870930
118 857.5  1.859740
119 860.0  1.848110
120 862.5  1.835390
121 865.0  1.821570
122 867.5  1.809250
123 870.0  1.800550
124 872.5  1.793210
125 875.0  1.784120
126 877.5  1.771240
127 880.0  1.753950
128 882.5  1.736190
129 885.0  1.721910
130 887.5  1.710650
131 890.0  1.700770
132 892.5  1.690460
133 895.0  1.678480
134 897.5  1.666100
135 900.0  1.654680
136 902.5  1.643530
137 905.0  1.631900
138 907.5  1.620960
139 910.0  1.611620
140 912.5  1.601950
141 915.0  1.589830
142 917.5  1.575220
143 920.0  1.558870
144 922.5  1.542560
145 925.0  1.527450
146 927.5  1.511080
147 930.0  1.491890
148 932.5  1.475440
149 935.0  1.466110
150 937.5  1.456430
151 940.0  1.439060
152 942.5  1.419010
153 945.0  1.402190
154 947.5  1.385750
155 950.0  1.365860
156 952.5  1.343570
157 955.0  1.321290
158 957.5  1.302000
159 960.0  1.287530
160 962.5  1.274670
161 965.0  1.259940
162 967.5  1.243790
163 970.0  1.227290
164 972.5  1.209930
165 975.0  1.191030
166 977.5  1.170730
167 980.0  1.149300
168 982.5  1.126770
169 985.0  1.103140
170 987.5  1.078660
171 990.0  1.054060
172 992.5  1.031740
173 995.0  1.013150
174 997.5  0.994316
175 1000.0  0.971643
176 1002.5  0.948580
177 1005.0  0.928593
178 1007.5  0.908189
179 1010.0  0.884070
180 1012.5  0.860671
181 1015.0  0.842152
182 1017.5  0.823845
183 1020.0  0.800869
184 1022.5  0.776327
185 1025.0  0.754220
186 1027.5  0.734154
187 1030.0  0.714732
188 1032.5  0.694952
189 1035.0  0.673873
190 1037.5  0.650404
191 1040.0  0.624060
192 1042.5  0.596946
193 1045.0  0.571192
194 1047.5  0.546458
195 1050.0  0.521754
196 1052.5  0.495970
197 1055.0  0.468558
198 1057.5  0.441324
199 1060.0  0.415675
200 1062.5  0.389054
201 1065.0  0.359209
202 1067.5  0.329063
203 1070.0  0.302064
204 1072.5  0.278575
205 1075.0  0.257750
206 1077.5  0.236996
207 1080.0  0.214465
208 1082.5  0.193042
209 1085.0  0.175468
210 1087.5  0.159186
211 1090.0  0.141386
212 1092.5  0.123547
213 1095.0  0.107558
214 1097.5  0.092660
215 1100.0  0.078042
216 1102.5  0.065337
217 1105.0  0.056198
218 1107.5  0.049894
219 1110.0  0.045089
220 1112.5  0.040390
221 1115.0  0.034747
222 1117.5  0.028511
223 1120.0  0.022481
224 1122.5  0.017819
225 1125.0  0.015287
226 1127.5  0.013661
227 1130.0  0.011630
228 1132.5  0.009504
229 1135.0  0.007837
230 1137.5  0.006534
231 1140.0  0.005356
232 1142.5  0.004158
233 1145.0  0.002888
234 1147.5  0.001782
235 1150.0  0.001058
236 1152.5  0.000594
237 1155.0  0.000228
238 1157.5  0.000000
239 1160.0  0.000041
240 1162.5  0.000000
241 1165.0  0.000011
242 1167.5  0.000000
243 1170.0  0.000003
244 1172.5  0.000000
245 1175.0  0.000001
246 1177.5  0.000000
247 1180.0  0.000000
248 1182.5  0.000000
249 1185.0  0.000000
250 1187.5  0.000000
251 1190.0  0.000000
252 1192.5  0.000000
253 1195.0  0.000000
254 1197.5  0.000000
255 1200.0  0.000000
52 256 560.0 1200.0 P2X2
0 562.5  2.381250
1 565.0  2.381250
2 567.5  2.381250
3 570.0  2.381250
4 572.5  2.381250
5 575.0  2.381250
6 577.5  2.381250
7 580.0  2.381250
8 582.5  2.381250
9 585.0  2.381250
10 587.5  2.381250
11 590.0  2.381230
12 592.5  2.381250
13 595.0  2.381310
14 597.5  2.381250
15 600.0  2.380940
16 602.5  2.380660
17 605.0  2.380660
18 607.5  2.380660
19 610.0  2.380370
20 612.5  2.380060
21 615.0  2.380000
22 617.5  2.380060
23 620.0  2.380060
24 622.5  2.380060
25 625.0  2.380120
26 627.5  2.380060
27 630.0  2.379740
28 632.5  2.379470
29 635.0  2.379510
30 637.5  2.379470
31 640.0  2.378960
32 642.5  2.378280
33 645.0  2.377840
34 647.5  2.377690
35 650.0  2.377750
36 652.5  2.377690
37 655.0  2.377310
38 657.5  2.377090
39 660.0  2.377350
40 662.5  2.377090
41 665.0  2.375460
42 667.5  2.373530
43 670.0  2.372450
44 672.5  2.371750
45 675.0  2.370810
46 677.5  2.369960
47 680.0  2.369610
48 682.5  2.369370
49 685.0  2.368690
50 687.5  2.366990
51 690.0  2.364050
52 692.5  2.361050
53 695.0  2.359070
54 697.5  2.357490
55 700.0  2.355510
56 702.5  2.353330
57 705.0  2.351140
58 707.5  2.347990
59 710.0  2.343070
60 712.5  2.337300
61 715.0  2.331870
62 717.5  2.327200
63 720.0  2.323410
64 722.5  2.320070
65 725.0  2.316690
66 727.5  2.312940
67 730.0  2.308490
68 732.5  2.302850
69 735.0  2.295970
70 737.5  2.289780
71 740.0  2.285890
72 742.5  2.282650
73 745.0  2.278070
74 747.5  2.271960
75 750.0  2.264790
76 752.5  2.257700
77 755.0  2.251610
78 757.5  2.245820
79 760.0  2.239460
80 762.5  2.232760
81 765.0  2.225970
82 767.5  2.218500
83 770.0  2.209850
84 772.5  2.200680
85 775.0  2.191890
86 777.5  2.184050
87 780.0  2.177090
88 782.5  2.168610
89 785.0  2.156780
90 787.5  2.144250
91 790.0  2.133860
92 792.5  2.124650
93 795.0  2.115000
94 797.5  2.104460
95 800.0  2.093160
96 802.5  2.082480
97 805.0  2.073460
98 807.5  2.064660
99 810.0  2.054650
100 812.5  2.044470
101 815.0  2.035400
102 817.5  2.027240
103 820.0  2.019320
104 822.5  2.010610
105 825.0  2.000510
106 827.5  1.990410
107 830.0  1.981550
108 832.5  1.972590
109 835.0  1.962000
110 837.5  1.950020
111 840.0  1.937470
112 842.5  1.925670
113 845.0  1.915490
114 847.5  1.905480
115 850.0  1.894160
116 852.5  1.882310
117 855.0  1.870930
118 857.5  1.859740
119 860.0  1.848110
120 862.5  1.835390
121 865.0  1.821570
122 867.5  1.809250
123 870.0  1.800550
124 872.5  1.793210
125 875.0  1.784120
126 877.5  1.771240
127 880.0  1.753950
128 882.5  1.736190
129 885.0  1.721910
130 887.5  1.710650
131 890.0  1.700770
132 892.5  1.690460
133 895.0  1.678480
134 897.5  1.666100
135 900.0  1.654680
136 902.5  1.643530
137 905.0  1.631900
138 907.5  1.620960
139 910.0  1.611620
140 912.5  1.601950
141 915.0  1.589830
142 917.5  1.575220
143 920.0  1.558870
144 922.5  1.542560
145 925.0  1.527450
146 927.5  1.511080
147 930.0  1.491890
148 932.5  1.475440
149 935.0  1.466110
150 937.5  1.456430
151 940.0  1.439060
152 942.5  1.419010
153 945.0  1.402190
154 947.5  1.385750
155 950.0  1.365860
156 952.5  1.343570
157 955.0  1.321290
158 957.5  1.302000
159 960.0  1.287530
160 962.5  1.274670
161 965.0  1.259940
162 967.5  1.243790
163 970.0  1.227290
164 972.5  1.209930
165 975.0  1.191030
166 977.5  1.170730
167 980.0  1.149300
168 982.5  1.126770
169 985.0  1.103140
170 987.5  1.078660
171 990.0  1.054060
172 992.5  1.031740
173 995.0  1.013150
174 997.5  0.994316
175 1000.0  0.971643
176 1002.5  0.948580
177 1005.0  0.928593
178 1007.5  0.908189
179 1010.0  0.884070
180 1012.5  0.860671
181 1015.0  0.842152
182 1017.5  0.823845
183 1020.0  0.800869
184 1022.5  0.776327
185 1025.0  0.754220
186 1027.5  0.734154
187 1030.0  0.714732
188 1032.5  0.694952
189 1035.0  0.673873
190 1037.5  0.650404
191 1040.0  0.624060
192 1042.5  0.596946
193 1045.0  0.571192
194 1047.5  0.546458
195 1050.0  0.521754
196 1052.5  0.495970
197 1055.0  0.468558
198 1057.5  0.441324
199 1060.0  0.415675
200 1062.5  0.389054
201 1065.0  0.359209
202 1067.5  0.329063
203 1070.0  0.302064
204 1072.5  0.278575
205 1075.0  0.257750
206 1077.5  0.236996
207 1080.0  0.214465
208 1082.5  0.193042
209 1085.0  0.175468
210 1087.5  0.159186
211 1090.0  0.141386
212 1092.5  0.123547
213 1095.0  0.107558
214 1097.5  0.092660
215 1100.0  0.078042
216 1102.5  0.065337
217 1105.0  0.056198
218 1107.5  0.049894
219 1110.0  0.045089
220 1112.5  0.040390
221 1115.0  0.034747
222 1117.5  0.028511
223 1120.0  0.022481
224 1122.5  0.017819
225 1125.0  0.015287
226 1127.5  0.013661
227 1130.0  0.011630
228 1132.5  0.009504
229 1135.0  0.007837
230 1137.5  0.006534
231 1140.0  0.005356
232 1142.5  0.004158
233 1145.0  0.002888
234 1147.5  0.001782
235 1150.0  0.001058
236 1152.5  0.000594
237 1155.0  0.000228
238 1157.5  0.000000
239 1160.0  0.000041
240 1162.5  0.000000
241 1165.0  0.000011
242 1167.5  0.000000
243 1170.0  0.000003
244 1172.5  0.000000
245 1175.0  0.000001
246 1177.5  0.000000
247 1180.0  0.000000
248 1182.5  0.000000
249 1185.0  0.000000
250 1187.5  0.000000
251 1190.0  0.000000
252 1192.5  0.000000
253 1195.0  0.000000
254 1197.5  0.000000
255 1200.0  0.000000
53 256 560.0 1200.0 P2Y1
0 562.5  2.381250
1 565.0  2.381170
2 567.5  2.380650
3 570.0  2.379490
4 572.5  2.378230
5 575.0  2.377430
6 577.5  2.377020
7 580.0  2.376760
8 582.5  2.376420
9 585.0  2.375860
10 587.5  2.375210
11 590.0  2.374600
12 592.5  2.374000
13 595.0  2.373360
14 597.5  2.372790
15 600.0  2.372400
16 602.5  2.372190
17 605.0  2.372140
18 607.5  2.372190
19 610.0  2.372270
20 612.5  2.372190
21 615.0  2.371840
22 617.5  2.371580
23 620.0  2.371690
24 622.5  2.371580
25 625.0  2.370740
26 627.5  2.369770
27 630.0  2.369310
28 632.5  2.369170
29 635.0  2.368980
30 637.5  2.368560
31 640.0  2.367880
32 642.5  2.367360
33 645.0  2.367320
34 647.5  2.367360
35 650.0  2.367060
36 652.5  2.366750
37 655.0  2.366750
38 657.5  2.366750
39 660.0  2.366350
40 662.5  2.365540
41 665.0  2.364400
42 667.5  2.363130
43 670.0  2.361970
44 672.5  2.361320
45 675.0  2.361200
46 677.5  2.360110
47 680.0  2.356910
48 682.5  2.353460
49 685.0  2.351570
50 687.5  2.349840
51 690.0  2.346710
52 692.5  2.343190
53 695.0  2.340450
54 697.5  2.337760
55 700.0  2.334340
56 702.5  2.331110
57 705.0  2.329020
58 707.5  2.327490
59 710.0  2.325660
60 712.5  2.323260
61 715.0  2.320120
62 717.5  2.316010
63 720.0  2.311060
64 722.5  2.306950
65 725.0  2.304900
66 727.5  2.302720
67 730.0  2.298110
68 732.5  2.291850
69 735.0  2.285230
70 737.5  2.278560
71 740.0  2.271890
72 742.5  2.265270
73 745.0  2.258780
74 747.5  2.252580
75 750.0  2.246760
76 752.5  2.241110
77 755.0  2.235170
78 757.5  2.227820
79 760.0  2.218460
80 762.5  2.209090
81 765.0  2.201670
82 767.5  2.195200
83 770.0  2.188130
84 772.5  2.179490
85 775.0  2.168840
86 777.5  2.157140
87 780.0  2.145420
88 782.5  2.133580
89 785.0  2.121620
90 787.5  2.111230
91 790.0  2.103730
92 792.5  2.097340
93 795.0  2.089930
94 797.5  2.081030
95 800.0  2.070770
96 802.5  2.059880
97 805.0  2.048970
98 807.5  2.037530
99 810.0  2.025270
100 812.5  2.013970
101 815.0  2.004970
102 817.5  1.995850
103 820.0  1.984170
104 822.5  1.971090
105 825.0  1.958430
106 827.5  1.946920
107 830.0  1.936840
108 832.5  1.927590
109 835.0  1.918430
110 837.5  1.908870
111 840.0  1.898730
112 842.5  1.888930
113 845.0  1.880270
114 847.5  1.872020
115 850.0  1.863350
116 852.5  1.854500
117 855.0  1.845600
118 857.5  1.835170
119 860.0  1.822260
120 862.5  1.809800
121 865.0  1.800170
122 867.5  1.789860
123 870.0  1.775660
124 872.5  1.761470
125 875.0  1.751270
126 877.5  1.742140
127 880.0  1.730550
128 882.5  1.717380
129 885.0  1.704190
130 887.5  1.690800
131 890.0  1.677160
132 892.5  1.665430
133 895.0  1.656750
134 897.5  1.646090
135 900.0  1.629330
136 902.5  1.612270
137 905.0  1.600720
138 907.5  1.590520
139 910.0  1.576750
140 912.5  1.561520
141 915.0  1.547640
142 917.5  1.533740
143 920.0  1.518100
144 922.5  1.501720
145 925.0  1.485730
146 927.5  1.469100
147 930.0  1.450970
148 932.5  1.433460
149 935.0  1.418520
150 937.5  1.404470
151 940.0  1.389340
152 942.5  1.373660
153 945.0  1.358270
154 947.5  1.342850
155 950.0  1.327180
156 952.5  1.312650
157 955.0  1.299950
158 957.5  1.285460
159 960.0  1.266220
160 962.5  1.246200
161 965.0  1.229920
162 967.5  1.217200
163 970.0  1.206270
164 972.5  1.193650
165 975.0  1.176550
166 977.5  1.156800
167 980.0  1.137050
168 982.5  1.118740
169 985.0  1.102180
170 987.5  1.084310
171 990.0  1.062800
172 992.5  1.041420
173 995.0  1.023530
174 997.5  1.004570
175 1000.0  0.980297
176 1002.5  0.955641
177 1005.0  0.935989
178 1007.5  0.919397
179 1010.0  0.902749
180 1012.5  0.885569
181 1015.0  0.867537
182 1017.5  0.846304
183 1020.0  0.820305
184 1022.5  0.793146
185 1025.0  0.768685
186 1027.5  0.746632
187 1030.0  0.725799
188 1032.5  0.705556
189 1035.0  0.685135
190 1037.5  0.662666
191 1040.0  0.637192
192 1042.5  0.612529
193 1045.0  0.591680
194 1047.5  0.569639
195 1050.0  0.541987
196 1052.5  0.514669
197 1055.0  0.493222
198 1057.5  0.471176
199 1060.0  0.442057
200 1062.5  0.411373
201 1065.0  0.385519
202 1067.5  0.362443
203 1070.0  0.339052
204 1072.5  0.316533
205 1075.0  0.296183
206 1077.5  0.275457
207 1080.0  0.251883
208 1082.5  0.227131
209 1085.0  0.203747
210 1087.5  0.183638
211 1090.0  0.167700
212 1092.5  0.153434
213 1095.0  0.138331
214 1097.5  0.123231
215 1100.0  0.109500
216 1102.5  0.097255
217 1105.0  0.086187
218 1107.5  0.075509
219 1110.0  0.064726
220 1112.5  0.054970
221 1115.0  0.047404
222 1117.5  0.041681
223 1120.0  0.037047
224 1122.5  0.032620
225 1125.0  0.027915
226 1127.5  0.024163
227 1130.0  0.022395
228 1132.5  0.021143
229 1135.0  0.018797
230 1137.5  0.015706
231 1140.0  0.012736
232 1142.5  0.010873
233 1145.0  0.010678
234 1147.5  0.010873
235 1150.0  0.010171
236 1152.5  0.009061
237 1155.0  0.008289
238 1157.5  0.007853
239 1160.0  0.007565
240 1162.5  0.007249
241 1165.0  0.006756
242 1167.5  0.006041
243 1170.0  0.005129
244 1172.5  0.004228
245 1175.0  0.003534
246 1177.5  0.003020
247 1180.0  0.002632
248 1182.5  0.002416
249 1185.0  0.002398
250 1187.5  0.002416
251 1190.0  0.002274
252 1192.5  0.001812
253 1195.0  0.001040
254 1197.5  0.000604
255 1200.0  0.001309
54 256 560.0 1200.0 P2Y2
0 562.5  2.381250
1 565.0  2.381170
2 567.5  2.380650
3 570.0  2.379490
4 572.5  2.378230
5 575.0  2.377430
6 577.5  2.377020
7 580.0  2.376760
8 582.5  2.376420
9 585.0  2.375860
10 587.5  2.375210
11 590.0  2.374600
12 592.5  2.374000
13 595.0  2.373360
14 597.5  2.372790
15 600.0  2.372400
16 602.5  2.372190
17 605.0  2.372140
18 607.5  2.372190
19 610.0  2.372270
20 612.5  2.372190
21 615.0  2.371840
22 617.5  2.371580
23 620.0  2.371690
24 622.5  2.371580
25 625.0  2.370740
26 627.5  2.369770
27 630.0  2.369310
28 632.5  2.369170
29 635.0  2.368980
30 637.5  2.368560
31 640.0  2.367880
32 642.5  2.367360
33 645.0  2.367320
34 647.5  2.367360
35 650.0  2.367060
36 652.5  2.366750
37 655.0  2.366750
38 657.5  2.366750
39 660.0  2.366350
40 662.5  2.365540
41 665.0  2.364400
42 667.5  2.363130
43 670.0  2.361970
44 672.5  2.361320
45 675.0  2.361200
46 677.5  2.360110
47 680.0  2.356910
48 682.5  2.353460
49 685.0  2.351570
50 687.5  2.349840
51 690.0  2.346710
52 692.5  2.343190
53 695.0  2.340450
54 697.5  2.337760
55 700.0  2.334340
56 702.5  2.331110
57 705.0  2.329020
58 707.5  2.327490
59 710.0  2.325660
60 712.5  2.323260
61 715.0  2.320120
62 717.5  2.316010
63 720.0  2.311060
64 722.5  2.306950
65 725.0  2.304900
66 727.5  2.302720
67 730.0  2.298110
68 732.5  2.291850
69 735.0  2.285230
70 737.5  2.278560
71 740.0  2.271890
72 742.5  2.265270
73 745.0  2.258780
74 747.5  2.252580
75 750.0  2.246760
76 752.5  2.241110
77 755.0  2.235170
78 757.5  2.227820
79 760.0  2.218460
80 762.5  2.209090
81 765.0  2.201670
82 767.5  2.195200
83 770.0  2.188130
84 772.5  2.179490
85 775.0  2.168840
86 777.5  2.157140
87 780.0  2.145420
88 782.5  2.133580
89 785.0  2.121620
90 787.5  2.111230
91 790.0  2.103730
92 792.5  2.097340
93 795.0  2.089930
94 797.5  2.081030
95 800.0  2.070770
96 802.5  2.059880
97 805.0  2.048970
98 807.5  2.037530
99 810.0  2.025270
100 812.5  2.013970
101 815.0  2.004970
102 817.5  1.995850
103 820.0  1.984170
104 822.5  1.971090
105 825.0  1.958430
106 827.5  1.946920
107 830.0  1.936840
108 832.5  1.927590
109 835.0  1.918430
110 837.5  1.908870
111 840.0  1.898730
112 842.5  1.888930
113 845.0  1.880270
114 847.5  1.872020
115 850.0  1.863350
116 852.5  1.854500
117 855.0  1.845600
118 857.5  1.835170
119 860.0  1.822260
120 862.5  1.809800
121 865.0  1.800170
122 867.5  1.789860
123 870.0  1.775660
124 872.5  1.761470
125 875.0  1.751270
126 877.5  1.742140
127 880.0  1.730550
128 882.5  1.717380
129 885.0  1.704190
130 887.5  1.690800
131 890.0  1.677160
132 892.5  1.665430
133 895.0  1.656750
134 897.5  1.646090
135 900.0  1.629330
136 902.5  1.612270
137 905.0  1.600720
138 907.5  1.590520
139 910.0  1.576750
140 912.5  1.561520
141 915.0  1.547640
142 917.5  1.533740
143 920.0  1.518100
144 922.5  1.501720
145 925.0  1.485730
146 927.5  1.469100
147 930.0  1.450970
148 932.5  1.433460
149 935.0  1.418520
150 937.5  1.404470
151 940.0  1.389340
152 942.5  1.373660
153 945.0  1.358270
154 947.5  1.342850
155 950.0  1.327180
156 952.5  1.312650
157 955.0  1.299950
158 957.5  1.285460
159 960.0  1.266220
160 962.5  1.246200
161 965.0  1.229920
162 967.5  1.217200
163 970.0  1.206270
164 972.5  1.193650
165 975.0  1.176550
166 977.5  1.156800
167 980.0  1.137050
168 982.5  1.118740
169 985.0  1.102180
170 987.5  1.084310
171 990.0  1.062800
172 992.5  1.041420
173 995.0  1.023530
174 997.5  1.004570
175 1000.0  0.980297
176 1002.5  0.955641
177 1005.0  0.935989
178 1007.5  0.919397
179 1010.0  0.902749
180 1012.5  0.885569
181 1015.0  0.867537
182 1017.5  0.846304
183 1020.0  0.820305
184 1022.5  0.793146
185 1025.0  0.768685
186 1027.5  0.746632
187 1030.0  0.725799
188 1032.5  0.705556
189 1035.0  0.685135
190 1037.5  0.662666
191 1040.0  0.637192
192 1042.5  0.612529
193 1045.0  0.591680
194 1047.5  0.569639
195 1050.0  0.541987
196 1052.5  0.514669
197 1055.0  0.493222
198 1057.5  0.471176
199 1060.0  0.442057
200 1062.5  0.411373
201 1065.0  0.385519
202 1067.5  0.362443
203 1070.0  0.339052
204 1072.5  0.316533
205 1075.0  0.296183
206 1077.5  0.275457
207 1080.0  0.251883
208 1082.5  0.227131
209 1085.0  0.203747
210 1087.5  0.183638
211 1090.0  0.167700
212 1092.5  0.153434
213 1095.0  0.138331
214 1097.5  0.123231
215 1100.0  0.109500
216 1102.5  0.097255
217 1105.0  0.086187
218 1107.5  0.075509
219 1110.0  0.064726
220 1112.5  0.054970
221 1115.0  0.047404
222 1117.5  0.041681
223 1120.0  0.037047
224 1122.5  0.032620
225 1125.0  0.027915
226 1127.5  0.024163
227 1130.0  0.022395
228 1132.5  0.021143
229 1135.0  0.018797
230 1137.5  0.015706
231 1140.0  0.012736
232 1142.5  0.010873
233 1145.0  0.010678
234 1147.5  0.010873
235 1150.0  0.010171
236 1152.5  0.009061
237 1155.0  0.008289
238 1157.5  0.007853
239 1160.0  0.007565
240 1162.5  0.007249
241 1165.0  0.006756
242 1167.5  0.006041
243 1170.0  0.005129
244 1172.5  0.004228
245 1175.0  0.003534
246 1177.5  0.003020
247 1180.0  0.002632
248 1182.5  0.002416
249 1185.0  0.002398
250 1187.5  0.002416
251 1190.0  0.002274
252 1192.5  0.001812
253 1195.0  0.001040
254 1197.5  0.000604
255 1200.0  0.001309
