1    46968    26012    32008    34008    40008    1.340000    155600.000000    278.000000
1    46934    26012    32008    34006    40006    0.600000    0.000000    0.000000
1    46371    26012    32006    34003    40003    1.940000    21000.000000    808.000000
1    42002    26011    32005    34002    40002    2.230000    16170.000000    1580.000000
1    47224    26012    32009    34008    40008    1.930000    25.710000    250.000000
1    77293    26019    32014    34015    40013    3.380000    53030.000000    1705.000000
1    68556    26017    32012    34013    40012    3.270000    116300.000000    621.000000
1    68267    26017    32011    34011    40011    3.240000    5687.000000    770.000000
1    72892    26018    32013    34012    40012    3.220000    115500.000000    663.000000
1    68796    26017    32013    34012    40012    3.150000    109700.000000    638.000000
1    77277    26019    32014    34014    40013    3.140000    230800.000000    1617.000000
1    73181    26018    32014    34014    40013    3.050000    312700.000000    1528.000000
1    77260    26019    32014    34013    40012    3.040000    113400.000000    1002.000000
1    77004    26019    32013    34013    40012    3.020000    233400.000000    694.000000
1    68540    26017    32012    34012    40012    3.010000    241000.000000    536.000000
1    76715    26019    32012    34011    40011    3.000000    21680.000000    651.000000
1    76731    26019    32012    34012    40011    2.980000    44740.000000    672.000000
1    77276    26019    32014    34014    40012    2.940000    63100.000000    1280.000000
1    72362    26018    32011    34011    40010    2.930000    63960.000000    485.000000
1    72635    26018    32012    34012    40011    2.930000    677700.000000    647.000000
1    72908    26018    32013    34013    40012    2.910000    849900.000000    683.000000
1    76987    26019    32013    34012    40011    2.870000    279500.000000    835.000000
1    63898    26016    32010    34010    40010    2.860000    60330.000000    485.000000
1    64443    26016    32012    34012    40011    2.790000    1659000.000000    585.000000
1    64171    26016    32011    34011    40011    2.790000    1144000.000000    738.000000
1    72602    26018    32012    34010    40010    2.780000    91740.000000    378.000000
1    76714    26019    32012    34011    40010    2.780000    271600.000000    408.000000
1    76425    26019    32011    34009    40009    2.770000    69080.000000    381.000000
1    76698    26019    32012    34010    40010    2.770000    49990.000000    395.000000
1    72346    26018    32011    34010    40010    2.720000    228200.000000    472.000000
1    68523    26017    32012    34011    40011    2.710000    795700.000000    618.000000
1    72619    26018    32012    34011    40011    2.700000    203900.000000    626.000000
1    76697    26019    32012    34010    40009    2.670000    119300.000000    323.000000
1    76441    26019    32011    34010    40009    2.660000    127400.000000    393.000000
1    72618    26018    32012    34011    40010    2.660000    868700.000000    404.000000
1    76152    26019    32010    34008    40008    2.650000    38680.000000    762.000000
1    67993    26017    32010    34010    40009    2.640000    15060.000000    421.000000
1    76134    26019    32010    34007    40006    2.640000    35840.000000    753.000000
1    76424    26019    32011    34009    40008    2.630000    153000.000000    725.000000
1    75878    26019    32009    34007    40006    2.630000    26620.000000    489.000000
1    64427    26016    32012    34011    40011    2.620000    851900.000000    574.000000
1    68250    26017    32011    34010    40010    2.620000    1466000.000000    456.000000
1    72328    26018    32011    34009    40008    2.580000    315800.000000    691.000000
1    68266    26017    32011    34011    40010    2.580000    1486000.000000    468.000000
1    68522    26017    32012    34011    40010    2.570000    1095000.000000    389.000000
1    72891    26018    32013    34012    40011    2.570000    393200.000000    795.000000
1    76151    26019    32010    34008    40007    2.550000    80280.000000    1063.000000
1    68539    26017    32012    34012    40011    2.550000    2196000.000000    629.000000
1    75845    26019    32009    34005    40005    2.550000    28790.000000    659.000000
1    68249    26017    32011    34010    40009    2.540000    2151000.000000    367.000000
1    63897    26016    32010    34010    40009    2.530000    2516000.000000    405.000000
1    75861    26019    32009    34006    40005    2.530000    40040.000000    699.000000
1    72056    26018    32010    34008    40008    2.530000    268600.000000    732.000000
1    60058    26015    32011    34010    40010    2.520000    2721000.000000    381.000000
1    72329    26018    32011    34009    40009    2.510000    315000.000000    367.000000
1    59802    26015    32010    34010    40010    2.490000    3377000.000000    447.000000
1    75589    26019    32008    34005    40005    2.480000    13140.000000    682.000000
1    67976    26017    32010    34009    40008    2.470000    1331000.000000    744.000000
1    71765    26018    32009    34006    40005    2.470000    100600.000000    667.000000
1    72039    26018    32010    34007    40007    2.460000    179000.000000    1214.000000
1    71783    26018    32009    34007    40007    2.460000    115900.000000    848.000000
1    72345    26018    32011    34010    40009    2.460000    710000.000000    379.000000
1    71782    26018    32009    34007    40006    2.460000    163400.000000    478.000000
1    68233    26017    32011    34009    40009    2.450000    657700.000000    360.000000
1    71509    26018    32008    34006    40005    2.440000    27280.000000    719.000000
1    75299    26019    32007    34003    40003    2.440000    16350.000000    1334.000000
1    67977    26017    32010    34009    40009    2.440000    749500.000000    418.000000
1    72072    26018    32010    34009    40008    2.440000    263800.000000    767.000000
1    75572    26019    32008    34004    40004    2.430000    35710.000000    991.000000
1    75862    26019    32009    34006    40006    2.420000    52890.000000    491.000000
1    64153    26016    32011    34010    40009    2.400000    2822000.000000    353.000000
1    59529    26015    32009    34009    40009    2.390000    321600.000000    257.000000
1    71492    26018    32008    34005    40004    2.390000    51010.000000    865.000000
1    64154    26016    32011    34010    40010    2.380000    3952000.000000    427.000000
1    59801    26015    32010    34010    40009    2.380000    6524000.000000    355.000000
1    71476    26018    32008    34004    40004    2.370000    103300.000000    958.000000
1    71203    26018    32007    34003    40003    2.360000    84420.000000    1295.000000
1    71766    26018    32009    34006    40006    2.360000    182400.000000    463.000000
1    64170    26016    32011    34011    40010    2.360000    4060000.000000    448.000000
1    71220    26018    32007    34004    40004    2.360000    30190.000000    992.000000
1    72055    26018    32010    34008    40007    2.360000    281600.000000    1012.000000
1    63880    26016    32010    34009    40008    2.350000    3594000.000000    676.000000
1    76135    26019    32010    34007    40007    2.350000    52290.000000    1268.000000
1    68812    26017    32013    34013    40012    2.340000    925800.000000    661.000000
1    67414    26017    32008    34006    40006    2.320000    329000.000000    472.000000
1    67960    26017    32010    34008    40008    2.320000    1265000.000000    728.000000
1    63864    26016    32010    34008    40008    2.310000    3084000.000000    671.000000
1    67703    26017    32009    34008    40007    2.310000    322800.000000    646.000000
1    67396    26017    32008    34005    40004    2.310000    171000.000000    856.000000
1    67959    26017    32010    34008    40007    2.300000    646900.000000    1011.000000
1    67686    26017    32009    34007    40006    2.300000    588900.000000    450.000000
1    63881    26016    32010    34009    40009    2.290000    5394000.000000    380.000000
1    67413    26017    32008    34006    40005    2.270000    218400.000000    683.000000
1    63335    26016    32008    34007    40007    2.270000    105400.000000    760.000000
1    67397    26017    32008    34005    40005    2.250000    618300.000000    640.000000
1    67687    26017    32009    34007    40007    2.240000    1086000.000000    808.000000
1    59528    26015    32009    34009    40008    2.240000    3265000.000000    433.000000
1    59784    26015    32010    34009    40008    2.240000    4639000.000000    618.000000
1    55689    26014    32010    34009    40009    2.230000    7127000.000000    267.000000
1    63317    26016    32008    34006    40005    2.230000    719300.000000    634.000000
1    66851    26017    32006    34003    40003    2.220000    90000.000000    1655.000000
1    63607    26016    32009    34008    40007    2.200000    2218000.000000    606.000000
1    63608    26016    32009    34008    40008    2.190000    2155000.000000    444.000000
1    71493    26018    32008    34005    40005    2.180000    138000.000000    667.000000
1    67124    26017    32007    34004    40004    2.180000    348000.000000    968.000000
1    67670    26017    32009    34006    40006    2.170000    647000.000000    455.000000
1    62739    26016    32006    34002    40003    2.170000    152100.000000    1667.000000
1    63590    26016    32009    34007    40006    2.170000    1106000.000000    435.000000
1    59785    26015    32010    34009    40009    2.170000    14320000.000000    332.000000
1    63301    26016    32008    34005    40005    2.150000    1933000.000000    586.000000
1    59511    26015    32009    34008    40007    2.140000    5016000.000000    541.000000
1    67107    26017    32007    34003    40003    2.140000    279000.000000    1246.000000
1    63591    26016    32009    34007    40007    2.120000    4339000.000000    761.000000
1    59512    26015    32009    34008    40008    2.120000    17330000.000000    401.000000
1    63334    26016    32008    34007    40006    2.100000    352200.000000    437.000000
1    58966    26015    32007    34006    40006    2.090000    206400.000000    370.000000
1    63044    26016    32007    34005    40004    2.090000    168000.000000    778.000000
1    63318    26016    32008    34006    40006    2.080000    3056000.000000    444.000000
1    62755    26016    32006    34003    40003    2.050000    795500.000000    1506.000000
1    63028    26016    32007    34004    40004    2.050000    2008000.000000    869.000000
1    58933    26015    32007    34004    40005    2.050000    652600.000000    557.000000
1    55432    26014    32009    34009    40008    2.040000    7907000.000000    333.000000
1    55433    26014    32009    34009    40009    2.030000    7472000.000000    212.000000
1    59768    26015    32010    34008    40008    2.020000    846200.000000    607.000000
1    59495    26015    32009    34007    40007    2.020000    11610000.000000    684.000000
1    63045    26016    32007    34005    40005    2.010000    768500.000000    557.000000
1    63574    26016    32009    34006    40006    2.000000    451000.000000    430.000000
1    59238    26015    32008    34007    40006    1.990000    2633000.000000    375.000000
1    59239    26015    32008    34007    40007    1.990000    6769000.000000    670.000000
1    55160    26014    32008    34008    40008    1.980000    1445000.000000    331.000000
1    59205    26015    32008    34005    40005    1.980000    2454000.000000    512.000000
1    63011    26016    32007    34003    40003    1.970000    461600.000000    1142.000000
1    55415    26014    32009    34008    40007    1.960000    5009000.000000    413.000000
1    54836    26014    32007    34004    40004    1.950000    5696000.000000    606.000000
1    55127    26014    32008    34006    40007    1.950000    1094000.000000    480.000000
1    55159    26014    32008    34008    40007    1.930000    2082000.000000    438.000000
1    58949    26015    32007    34005    40005    1.920000    7827000.000000    498.000000
1    59221    26015    32008    34006    40005    1.920000    1220000.000000    555.000000
1    55142    26014    32008    34007    40006    1.910000    2337000.000000    329.000000
1    58643    26015    32006    34002    40003    1.890000    976800.000000    1441.000000
1    58642    26015    32006    34002    40002    1.890000    1118000.000000    1816.000000
1    55416    26014    32009    34008    40008    1.870000    38970000.000000    303.000000
1    58676    26015    32006    34004    40004    1.850000    1176000.000000    1031.000000
1    55399    26014    32009    34007    40007    1.840000    5026000.000000    508.000000
1    54291    26014    32005    34002    40003    1.830000    3780000.000000    1240.000000
1    55126    26014    32008    34006    40006    1.830000    29110000.000000    315.000000
1    54273    26014    32005    34001    40001    1.820000    2081000.000000    1950.000000
1    58932    26015    32007    34004    40004    1.810000    5757000.000000    761.000000
1    54581    26014    32006    34004    40005    1.800000    815100.000000    639.000000
1    51048    26013    32008    34007    40008    1.790000    959800.000000    473.000000
1    51063    26013    32008    34008    40007    1.790000    2335000.000000    540.000000
1    54870    26014    32007    34006    40006    1.790000    14760000.000000    295.000000
1    58660    26015    32006    34003    40004    1.780000    626000.000000    1324.000000
1    54274    26014    32005    34001    40002    1.760000    3192000.000000    1795.000000
1    54307    26014    32005    34003    40003    1.760000    1335000.000000    1170.000000
1    59222    26015    32008    34006    40006    1.750000    12720000.000000    383.000000
1    54563    26014    32006    34003    40003    1.720000    11630000.000000    998.000000
1    58659    26015    32006    34003    40003    1.720000    3910000.000000    1338.000000
1    55143    26014    32008    34007    40007    1.720000    46850000.000000    524.000000
1    54837    26014    32007    34004    40005    1.700000    4261000.000000    441.000000
1    54564    26014    32006    34003    40004    1.700000    4687000.000000    1024.000000
1    54580    26014    32006    34004    40004    1.700000    14840000.000000    822.000000
1    54853    26014    32007    34005    40005    1.700000    29540000.000000    403.000000
1    54290    26014    32005    34002    40002    1.690000    7833000.000000    1582.000000
1    51320    26013    32009    34008    40008    1.670000    11690000.000000    372.000000
1    54854    26014    32007    34005    40006    1.660000    3716000.000000    301.000000
1    51031    26013    32008    34006    40007    1.630000    7054000.000000    597.000000
1    51064    26013    32008    34008    40008    1.610000    11790000.000000    406.000000
1    50758    26013    32007    34005    40006    1.590000    20460000.000000    341.000000
1    50757    26013    32007    34005    40005    1.570000    60630000.000000    457.000000
1    50194    26013    32005    34002    40002    1.570000    19710000.000000    1925.000000
1    50791    26013    32007    34007    40007    1.560000    800800.000000    626.000000
1    50775    26013    32007    34006    40007    1.550000    3876000.000000    586.000000
1    50484    26013    32006    34004    40004    1.540000    54440000.000000    945.000000
1    50501    26013    32006    34005    40005    1.530000    19120000.000000    662.000000
1    51030    26013    32008    34006    40006    1.530000    17010000.000000    367.000000
1    50467    26013    32006    34003    40003    1.530000    10550000.000000    1223.000000
1    50468    26013    32006    34003    40004    1.520000    19920000.000000    1237.000000
1    50212    26013    32005    34003    40004    1.520000    3660000.000000    1694.000000
1    46098    26012    32005    34002    40002    1.500000    13430000.000000    1264.000000
1    50195    26013    32005    34002    40003    1.500000    17480000.000000    1551.000000
1    46372    26012    32006    34003    40004    1.480000    9250000.000000    799.000000
1    50211    26013    32005    34003    40003    1.450000    23750000.000000    1443.000000
1    50485    26013    32006    34004    40005    1.440000    21480000.000000    748.000000
1    51047    26013    32008    34007    40007    1.430000    78310000.000000    628.000000
1    50774    26013    32007    34006    40006    1.430000    85210000.000000    348.000000
1    45825    26012    32004    34001    40001    1.400000    20600000.000000    1984.000000
1    45826    26012    32004    34001    40002    1.380000    49870000.000000    1891.000000
1    45843    26012    32004    34002    40003    1.330000    7199000.000000    1852.000000
1    46099    26012    32005    34002    40003    1.330000    59500000.000000    1031.000000
1    46661    26012    32007    34005    40005    1.240000    22280000.000000    322.000000
1    46132    26012    32005    34004    40004    1.220000    15570000.000000    852.000000
1    46116    26012    32005    34003    40004    1.200000    65630000.000000    1156.000000
1    45842    26012    32004    34002    40002    1.170000    31510000.000000    1777.000000
1    46389    26012    32006    34004    40005    1.140000    70710000.000000    545.000000
1    46388    26012    32006    34004    40004    1.120000    90600000.000000    619.000000
1    42003    26011    32005    34002    40003    1.090000    37790000.000000    1313.000000
1    46115    26012    32005    34003    40003    1.080000    68430000.000000    986.000000
1    46405    26012    32006    34005    40005    1.050000    102700000.000000    483.000000
1    46695    26012    32007    34007    40007    0.985000    5216000.000000    418.000000
1    46406    26012    32006    34005    40006    0.968000    7976000.000000    277.000000
1    46662    26012    32007    34005    40006    0.968000    37710000.000000    233.000000
1    42566    26011    32007    34005    40006    0.968000    1456000.000000    281.000000
1    46679    26012    32007    34006    40007    0.916000    9142000.000000    397.000000
1    42019    26011    32005    34003    40003    0.874000    93400000.000000    1290.000000
1    46678    26012    32007    34006    40006    0.846000    78480000.000000    257.000000
1    41763    26011    32004    34003    40003    0.827000    4721000.000000    1826.000000
1    46951    26012    32008    34007    40007    0.763000    11210000.000000    422.000000
1    42292    26011    32006    34004    40004    0.743000    20290000.000000    824.000000
1    72924    26018    32013    34014    40012    3.290000    27270.000000    895.000000
1    64187    26016    32011    34012    40011    3.280000    58670.000000    715.000000
1    77003    26019    32013    34013    40011    3.060000    50310.000000    837.000000
1    63624    26016    32009    34009    40008    2.800000    1243.000000    467.000000
1    76168    26019    32010    34009    40008    2.710000    4759.000000    797.000000
1    75588    26019    32008    34005    40004    2.510000    12000.000000    917.000000
1    60074    26015    32011    34011    40010    2.400000    2140000.000000    376.000000
1    67704    26017    32009    34008    40008    2.310000    25480.000000    472.000000
1    70913    26018    32006    34001    40001    2.210000    36800.000000    3255.000000
1    66561    26017    32005    34001    40001    2.200000    69090.000000    3491.000000
1    54869    26014    32007    34006    40005    2.170000    494800.000000    420.000000
1    62466    26016    32005    34001    40002    2.130000    120600.000000    2860.000000
1    51046    26013    32008    34007    40006    2.130000    294800.000000    376.000000
1    58387    26015    32005    34002    40003    2.060000    82560.000000    1661.000000
1    62482    26016    32005    34002    40002    2.050000    104300.000000    2434.000000
1    62465    26016    32005    34001    40001    2.040000    434000.000000    3138.000000
1    54597    26014    32006    34005    40005    2.020000    14300.000000    560.000000
1    58113    26015    32004    34001    40001    2.000000    55340.000000    3410.000000
1    58370    26015    32005    34001    40002    1.950000    798600.000000    2365.000000
1    58386    26015    32005    34002    40002    1.870000    1620000.000000    2080.000000
1    54018    26014    32004    34001    40002    1.820000    252400.000000    2388.000000
1    54017    26014    32004    34001    40001    1.800000    1906000.000000    2541.000000
1    58369    26015    32005    34001    40001    1.720000    1373000.000000    2622.000000
1    50178    26013    32005    34001    40002    1.700000    3514000.000000    2203.000000
1    49922    26013    32004    34001    40002    1.610000    7858000.000000    2971.000000
1    49938    26013    32004    34002    40002    1.590000    665200.000000    2804.000000
1    49921    26013    32004    34001    40001    1.510000    7807000.000000    3124.000000
1    41729    26011    32004    34001    40001    1.350000    5329000.000000    2510.000000
1    46422    26012    32006    34006    40006    1.270000    285.100000    278.000000
1    41730    26011    32004    34001    40002    1.120000    35630000.000000    2441.000000
1    41746    26011    32004    34002    40002    1.080000    19480000.000000    2273.000000
1    37923    26010    32005    34003    40003    0.794000    3228000.000000    1821.000000
1    42036    26011    32005    34004    40004    0.599000    26420000.000000    1175.000000
1    -46968    25012    31008    33008    39008    1.340000    155600.000000    278.000000
1    -46934    25012    31008    33006    39006    0.600000    0.000000    0.000000
1    -46371    25012    31006    33003    39003    1.940000    21000.000000    808.000000
1    -42002    25011    31005    33002    39002    2.230000    16170.000000    1580.000000
1    -47224    25012    31009    33008    39008    1.930000    25.710000    250.000000
1    -77293    25019    31014    33015    39013    3.380000    53030.000000    1185.000000
1    -68556    25017    31012    33013    39012    3.270000    116300.000000    666.000000
1    -68267    25017    31011    33011    39011    3.240000    5687.000000    446.000000
1    -72892    25018    31013    33012    39012    3.220000    115500.000000    668.000000
1    -68796    25017    31013    33012    39012    3.150000    109700.000000    645.000000
1    -77277    25019    31014    33014    39013    3.140000    230800.000000    1036.000000
1    -73181    25018    31014    33014    39013    3.050000    312700.000000    1014.000000
1    -77260    25019    31014    33013    39012    3.040000    113400.000000    1122.000000
1    -77004    25019    31013    33013    39012    3.020000    233400.000000    1083.000000
1    -68540    25017    31012    33012    39012    3.010000    241000.000000    415.000000
1    -76715    25019    31012    33011    39011    3.000000    21680.000000    384.000000
1    -76731    25019    31012    33012    39011    2.980000    44740.000000    437.000000
1    -77276    25019    31014    33014    39012    2.940000    63100.000000    917.000000
1    -72362    25018    31011    33011    39010    2.930000    63960.000000    746.000000
1    -72635    25018    31012    33012    39011    2.930000    677700.000000    419.000000
1    -72908    25018    31013    33013    39012    2.910000    849900.000000    1049.000000
1    -76987    25019    31013    33012    39011    2.870000    279500.000000    688.000000
1    -63898    25016    31010    33010    39010    2.860000    60330.000000    655.000000
1    -64443    25016    31012    33012    39011    2.790000    1659000.000000    376.000000
1    -64171    25016    31011    33011    39011    2.790000    1144000.000000    402.000000
1    -72602    25018    31012    33010    39010    2.780000    91740.000000    692.000000
1    -76714    25019    31012    33011    39010    2.780000    271600.000000    616.000000
1    -76425    25019    31011    33009    39009    2.770000    69080.000000    493.000000
1    -76698    25019    31012    33010    39010    2.770000    49990.000000    706.000000
1    -72346    25018    31011    33010    39010    2.720000    228200.000000    855.000000
1    -68523    25017    31012    33011    39011    2.710000    795700.000000    381.000000
1    -72619    25018    31012    33011    39011    2.700000    203900.000000    383.000000
1    -76697    25019    31012    33010    39009    2.670000    119300.000000    444.000000
1    -76441    25019    31011    33010    39009    2.660000    127400.000000    544.000000
1    -72618    25018    31012    33011    39010    2.660000    868700.000000    622.000000
1    -76152    25019    31010    33008    39008    2.650000    38680.000000    388.000000
1    -67993    25017    31010    33010    39009    2.640000    15060.000000    440.000000
1    -76134    25019    31010    33007    39006    2.640000    35840.000000    800.000000
1    -76424    25019    31011    33009    39008    2.630000    153000.000000    405.000000
1    -75878    25019    31009    33007    39006    2.630000    26620.000000    646.000000
1    -64427    25016    31012    33011    39011    2.620000    851900.000000    345.000000
1    -68250    25017    31011    33010    39010    2.620000    1466000.000000    815.000000
1    -72328    25018    31011    33009    39008    2.580000    315800.000000    407.000000
1    -68266    25017    31011    33011    39010    2.580000    1486000.000000    716.000000
1    -68522    25017    31012    33011    39010    2.570000    1095000.000000    619.000000
1    -72891    25018    31013    33012    39011    2.570000    393200.000000    681.000000
1    -76151    25019    31010    33008    39007    2.550000    80280.000000    456.000000
1    -68539    25017    31012    33012    39011    2.550000    2196000.000000    409.000000
1    -75845    25019    31009    33005    39005    2.550000    28790.000000    1135.000000
1    -68249    25017    31011    33010    39009    2.540000    2151000.000000    516.000000
1    -63897    25016    31010    33010    39009    2.530000    2516000.000000    418.000000
1    -75861    25019    31009    33006    39005    2.530000    40040.000000    954.000000
1    -72056    25018    31010    33008    39008    2.530000    268600.000000    378.000000
1    -60058    25015    31011    33010    39010    2.520000    2721000.000000    644.000000
1    -72329    25018    31011    33009    39009    2.510000    315000.000000    499.000000
1    -59802    25015    31010    33010    39010    2.490000    3377000.000000    600.000000
1    -75589    25019    31008    33005    39005    2.480000    13140.000000    1544.000000
1    -67976    25017    31010    33009    39008    2.470000    1331000.000000    331.000000
1    -71765    25018    31009    33006    39005    2.470000    100600.000000    935.000000
1    -72039    25018    31010    33007    39007    2.460000    179000.000000    465.000000
1    -71783    25018    31009    33007    39007    2.460000    115900.000000    363.000000
1    -72345    25018    31011    33010    39009    2.460000    710000.000000    556.000000
1    -71782    25018    31009    33007    39006    2.460000    163400.000000    642.000000
1    -68233    25017    31011    33009    39009    2.450000    657700.000000    471.000000
1    -71509    25018    31008    33006    39005    2.440000    27280.000000    1307.000000
1    -75299    25019    31007    33003    39003    2.440000    16350.000000    997.000000
1    -67977    25017    31010    33009    39009    2.440000    749500.000000    410.000000
1    -72072    25018    31010    33009    39008    2.440000    263800.000000    346.000000
1    -75572    25019    31008    33004    39004    2.430000    35710.000000    1205.000000
1    -75862    25019    31009    33006    39006    2.420000    52890.000000    657.000000
1    -64153    25016    31011    33010    39009    2.400000    2822000.000000    480.000000
1    -59529    25015    31009    33009    39009    2.390000    321600.000000    302.000000
1    -71492    25018    31008    33005    39004    2.390000    51010.000000    1121.000000
1    -64154    25016    31011    33010    39010    2.380000    3952000.000000    720.000000
1    -59801    25015    31010    33010    39009    2.380000    6524000.000000    377.000000
1    -71476    25018    31008    33004    39004    2.370000    103300.000000    1171.000000
1    -71203    25018    31007    33003    39003    2.360000    84420.000000    995.000000
1    -71766    25018    31009    33006    39006    2.360000    182400.000000    643.000000
1    -64170    25016    31011    33011    39010    2.360000    4060000.000000    642.000000
1    -71220    25018    31007    33004    39004    2.360000    30190.000000    1078.000000
1    -72055    25018    31010    33008    39007    2.360000    281600.000000    449.000000
1    -63880    25016    31010    33009    39008    2.350000    3594000.000000    302.000000
1    -76135    25019    31010    33007    39007    2.350000    52290.000000    453.000000
1    -68812    25017    31013    33013    39012    2.340000    925800.000000    986.000000
1    -67414    25017    31008    33006    39006    2.320000    329000.000000    836.000000
1    -67960    25017    31010    33008    39008    2.320000    1265000.000000    368.000000
1    -63864    25016    31010    33008    39008    2.310000    3084000.000000    342.000000
1    -67703    25017    31009    33008    39007    2.310000    322800.000000    371.000000
1    -67396    25017    31008    33005    39004    2.310000    171000.000000    1074.000000
1    -67959    25017    31010    33008    39007    2.300000    646900.000000    432.000000
1    -67686    25017    31009    33007    39006    2.300000    588900.000000    616.000000
1    -63881    25016    31010    33009    39009    2.290000    5394000.000000    371.000000
1    -67413    25017    31008    33006    39005    2.270000    218400.000000    1273.000000
1    -63335    25016    31008    33007    39007    2.270000    105400.000000    461.000000
1    -67397    25017    31008    33005    39005    2.250000    618300.000000    1424.000000
1    -66834    25017    31006    33002    39002    2.250000    191400.000000    1698.000000
1    -67687    25017    31009    33007    39007    2.240000    1086000.000000    354.000000
1    -59528    25015    31009    33009    39008    2.240000    3265000.000000    226.000000
1    -59784    25015    31010    33009    39008    2.240000    4639000.000000    274.000000
1    -55689    25014    31010    33009    39009    2.230000    7127000.000000    265.000000
1    -63317    25016    31008    33006    39005    2.230000    719300.000000    1135.000000
1    -66851    25017    31006    33003    39003    2.220000    90000.000000    1027.000000
1    -70930    25018    31006    33002    39002    2.210000    44070.000000    1775.000000
1    -63607    25016    31009    33008    39007    2.200000    2218000.000000    343.000000
1    -63608    25016    31009    33008    39008    2.190000    2155000.000000    294.000000
1    -71493    25018    31008    33005    39005    2.180000    138000.000000    1484.000000
1    -67124    25017    31007    33004    39004    2.180000    348000.000000    1019.000000
1    -67670    25017    31009    33006    39006    2.170000    647000.000000    620.000000
1    -62739    25016    31006    33002    39003    2.170000    152100.000000    1390.000000
1    -63590    25016    31009    33007    39006    2.170000    1106000.000000    562.000000
1    -59785    25015    31010    33009    39009    2.170000    14320000.000000    356.000000
1    -63301    25016    31008    33005    39005    2.150000    1933000.000000    1318.000000
1    -59511    25015    31009    33008    39007    2.140000    5016000.000000    305.000000
1    -67107    25017    31007    33003    39003    2.140000    279000.000000    931.000000
1    -63591    25016    31009    33007    39007    2.120000    4339000.000000    323.000000
1    -59512    25015    31009    33008    39008    2.120000    17330000.000000    254.000000
1    -63334    25016    31008    33007    39006    2.100000    352200.000000    792.000000
1    -58966    25015    31007    33006    39006    2.090000    206400.000000    610.000000
1    -63044    25016    31007    33005    39004    2.090000    168000.000000    912.000000
1    -63318    25016    31008    33006    39006    2.080000    3056000.000000    770.000000
1    -62755    25016    31006    33003    39003    2.050000    795500.000000    973.000000
1    -63028    25016    31007    33004    39004    2.050000    2008000.000000    931.000000
1    -58933    25015    31007    33004    39005    2.050000    652600.000000    1028.000000
1    -62482    25016    31005    33002    39002    2.050000    104300.000000    1876.000000
1    -55432    25014    31009    33009    39008    2.040000    7907000.000000    181.000000
1    -62738    25016    31006    33002    39002    2.030000    700300.000000    1547.000000
1    -55433    25014    31009    33009    39009    2.030000    7472000.000000    229.000000
1    -59768    25015    31010    33008    39008    2.020000    846200.000000    296.000000
1    -59495    25015    31009    33007    39007    2.020000    11610000.000000    294.000000
1    -63045    25016    31007    33005    39005    2.010000    768500.000000    1221.000000
1    -63574    25016    31009    33006    39006    2.000000    451000.000000    573.000000
1    -59238    25015    31008    33007    39006    1.990000    2633000.000000    718.000000
1    -59239    25015    31008    33007    39007    1.990000    6769000.000000    412.000000
1    -55160    25014    31008    33008    39008    1.980000    1445000.000000    248.000000
1    -59205    25015    31008    33005    39005    1.980000    2454000.000000    1156.000000
1    -63011    25016    31007    33003    39003    1.970000    461600.000000    884.000000
1    -55415    25014    31009    33008    39007    1.960000    5009000.000000    240.000000
1    -54836    25014    31007    33004    39004    1.950000    5696000.000000    637.000000
1    -55127    25014    31008    33006    39007    1.950000    1094000.000000    312.000000
1    -58370    25015    31005    33001    39002    1.950000    895900.000000    1868.000000
1    -55159    25014    31008    33008    39007    1.930000    2082000.000000    336.000000
1    -58949    25015    31007    33005    39005    1.920000    7827000.000000    1074.000000
1    -59221    25015    31008    33006    39005    1.920000    1220000.000000    1018.000000
1    -55142    25014    31008    33007    39006    1.910000    2337000.000000    564.000000
1    -58643    25015    31006    33002    39003    1.890000    976800.000000    1208.000000
1    -58642    25015    31006    33002    39002    1.890000    1118000.000000    1313.000000
1    -55416    25014    31009    33008    39008    1.870000    38970000.000000    203.000000
1    -58386    25015    31005    33002    39002    1.870000    1663000.000000    1563.000000
1    -58676    25015    31006    33004    39004    1.850000    1176000.000000    940.000000
1    -55399    25014    31009    33007    39007    1.840000    5026000.000000    241.000000
1    -54291    25014    31005    33002    39003    1.830000    3780000.000000    1153.000000
1    -55126    25014    31008    33006    39006    1.830000    29110000.000000    540.000000
1    -54273    25014    31005    33001    39001    1.820000    2081000.000000    1622.000000
1    -58932    25015    31007    33004    39004    1.810000    5757000.000000    806.000000
1    -54581    25014    31006    33004    39005    1.800000    815100.000000    998.000000
1    -51048    25013    31008    33007    39008    1.790000    959800.000000    229.000000
1    -51063    25013    31008    33008    39007    1.790000    2335000.000000    287.000000
1    -54870    25014    31007    33006    39006    1.790000    14760000.000000    469.000000
1    -58660    25015    31006    33003    39004    1.780000    626000.000000    809.000000
1    -54274    25014    31005    33001    39002    1.760000    3192000.000000    1483.000000
1    -54307    25014    31005    33003    39003    1.760000    1335000.000000    855.000000
1    -59222    25015    31008    33006    39006    1.750000    12720000.000000    703.000000
1    -54563    25014    31006    33003    39003    1.720000    11630000.000000    641.000000
1    -58659    25015    31006    33003    39003    1.720000    3910000.000000    830.000000
1    -55143    25014    31008    33007    39007    1.720000    46850000.000000    333.000000
1    -54837    25014    31007    33004    39005    1.700000    4261000.000000    814.000000
1    -54564    25014    31006    33003    39004    1.700000    4687000.000000    640.000000
1    -54580    25014    31006    33004    39004    1.700000    14840000.000000    750.000000
1    -54853    25014    31007    33005    39005    1.700000    29540000.000000    814.000000
1    -54290    25014    31005    33002    39002    1.690000    7833000.000000    1266.000000
1    -51320    25013    31009    33008    39008    1.670000    11690000.000000    189.000000
1    -54854    25014    31007    33005    39006    1.660000    3716000.000000    551.000000
1    -51031    25013    31008    33006    39007    1.630000    7054000.000000    280.000000
1    -51064    25013    31008    33008    39008    1.610000    11790000.000000    223.000000
1    -49938    25013    31004    33002    39002    1.590000    1048000.000000    1592.000000
1    -50758    25013    31007    33005    39006    1.590000    20460000.000000    492.000000
1    -49922    25013    31004    33001    39002    1.590000    10760000.000000    1680.000000
1    -50178    25013    31005    33001    39002    1.580000    4359000.000000    1232.000000
1    -50757    25013    31007    33005    39005    1.570000    60630000.000000    710.000000
1    -50194    25013    31005    33002    39002    1.570000    19710000.000000    1045.000000
1    -50791    25013    31007    33007    39007    1.560000    800800.000000    231.000000
1    -50775    25013    31007    33006    39007    1.550000    3876000.000000    238.000000
1    -50484    25013    31006    33004    39004    1.540000    54440000.000000    670.000000
1    -50501    25013    31006    33005    39005    1.530000    19120000.000000    820.000000
1    -51030    25013    31008    33006    39006    1.530000    17010000.000000    504.000000
1    -50467    25013    31006    33003    39003    1.530000    10550000.000000    585.000000
1    -50468    25013    31006    33003    39004    1.520000    19920000.000000    565.000000
1    -50212    25013    31005    33003    39004    1.520000    3660000.000000    800.000000
1    -46098    25012    31005    33002    39002    1.500000    13430000.000000    1115.000000
1    -50195    25013    31005    33002    39003    1.500000    17480000.000000    947.000000
1    -46372    25012    31006    33003    39004    1.480000    9250000.000000    550.000000
1    -50211    25013    31005    33003    39003    1.450000    23750000.000000    740.000000
1    -50485    25013    31006    33004    39005    1.440000    21480000.000000    875.000000
1    -51047    25013    31008    33007    39007    1.430000    78310000.000000    308.000000
1    -49921    25013    31004    33001    39001    1.430000    10220000.000000    1836.000000
1    -50774    25013    31007    33006    39006    1.430000    85210000.000000    436.000000
1    -45825    25012    31004    33001    39001    1.400000    20600000.000000    1830.000000
1    -45826    25012    31004    33001    39002    1.380000    49870000.000000    1684.000000
1    -45843    25012    31004    33002    39003    1.330000    7199000.000000    1845.000000
1    -46099    25012    31005    33002    39003    1.330000    59500000.000000    999.000000
1    -46661    25012    31007    33005    39005    1.240000    22280000.000000    722.000000
1    -46132    25012    31005    33004    39004    1.220000    15570000.000000    926.000000
1    -46116    25012    31005    33003    39004    1.200000    65630000.000000    862.000000
1    -45842    25012    31004    33002    39002    1.170000    31510000.000000    1640.000000
1    -46389    25012    31006    33004    39005    1.140000    70710000.000000    879.000000
1    -46388    25012    31006    33004    39004    1.120000    90600000.000000    669.000000
1    -42003    25011    31005    33002    39003    1.090000    37790000.000000    1295.000000
1    -46115    25012    31005    33003    39003    1.080000    68430000.000000    789.000000
1    -46405    25012    31006    33005    39005    1.050000    102700000.000000    839.000000
1    -46695    25012    31007    33007    39007    0.985000    5216000.000000    238.000000
1    -46406    25012    31006    33005    39006    0.968000    7976000.000000    549.000000
1    -46662    25012    31007    33005    39006    0.968000    37710000.000000    501.000000
1    -42566    25011    31007    33005    39006    0.968000    1456000.000000    628.000000
1    -46679    25012    31007    33006    39007    0.916000    9142000.000000    249.000000
1    -42019    25011    31005    33003    39003    0.874000    93400000.000000    1017.000000
1    -46678    25012    31007    33006    39006    0.846000    78480000.000000    431.000000
1    -41763    25011    31004    33003    39003    0.827000    4721000.000000    1389.000000
1    -46951    25012    31008    33007    39007    0.763000    11210000.000000    288.000000
1    -42292    25011    31006    33004    39004    0.743000    20290000.000000    857.000000
1    -42020    25011    31005    33003    39004    0.684000    118000000.000000    1162.000000
1    -64187    25016    31011    33012    39011    3.280000    58670.000000    426.000000
1    -77003    25019    31013    33013    39011    3.060000    50310.000000    1064.000000
1    -63624    25016    31009    33009    39008    2.800000    1243.000000    255.000000
1    -76168    25019    31010    33009    39008    2.710000    4759.000000    347.000000
1    -75588    25019    31008    33005    39004    2.510000    12000.000000    1152.000000
1    -60074    25015    31011    33011    39010    2.400000    2140000.000000    569.000000
1    -67704    25017    31009    33008    39008    2.310000    25480.000000    308.000000
1    -70913    25018    31006    33001    39001    2.210000    36800.000000    2430.000000
1    -66561    25017    31005    33001    39001    2.200000    69090.000000    2843.000000
1    -54869    25014    31007    33006    39005    2.170000    494800.000000    703.000000
1    -62466    25016    31005    33001    39002    2.130000    120600.000000    2287.000000
1    -51046    25013    31008    33007    39006    2.130000    294800.000000    500.000000
1    -58387    25015    31005    33002    39003    2.060000    82560.000000    1434.000000
1    -62465    25016    31005    33001    39001    2.040000    434000.000000    2490.000000
1    -54597    25014    31006    33005    39005    2.020000    14300.000000    958.000000
1    -58113    25015    31004    33001    39001    2.000000    55340.000000    2764.000000
1    -54018    25014    31004    33001    39002    1.820000    252400.000000    1957.000000
1    -54017    25014    31004    33001    39001    1.800000    1906000.000000    2074.000000
1    -58369    25015    31005    33001    39001    1.720000    1373000.000000    2101.000000
1    -41729    25011    31004    33001    39001    1.350000    5329000.000000    2313.000000
1    -46422    25012    31006    33006    39006    1.270000    285.100000    461.000000
1    -41473    25011    31003    33001    39001    1.150000    5386000.000000    4012.000000
1    -41730    25011    31004    33001    39002    1.120000    35630000.000000    2199.000000
1    -41746    25011    31004    33002    39002    1.080000    19480000.000000    2128.000000
1    -37923    25010    31005    33003    39003    0.794000    3228000.000000    1338.000000
1    -37394    25010    31003    33002    39002    0.790000    19530.000000    3985.000000
1    -42036    25011    31005    33004    39004    0.599000    26420000.000000    1304.000000
-1    47241    26012    32009    34009    40009    1.390000    626300.000000    169.000000
-1    47275    26012    32009    34011    40011    0.600000    0.000000    0.000000
-1    47838    26012    32011    34014    40014    2.180000    12010.000000    667.000000
-1    52207    26013    32012    34015    40015    4.040000    21.990000    1347.000000
-1    46985    26012    32008    34009    40009    1.960000    273.600000    159.000000
-1    21285    26006    32004    34003    40005    3.240000    51800.000000    1809.000000
-1    16933    26005    32003    34003    40005    3.120000    33150.000000    1790.000000
-1    17206    26005    32004    34004    40006    3.110000    26700.000000    826.000000
-1    25942    26007    32006    34006    40006    3.100000    31980.000000    611.000000
-1    17494    26005    32005    34006    40006    3.080000    17720.000000    589.000000
-1    17205    26005    32004    34004    40005    3.070000    232900.000000    1240.000000
-1    25669    26007    32005    34005    40005    3.040000    251600.000000    935.000000
-1    25653    26007    32005    34004    40005    3.040000    272200.000000    1270.000000
-1    30022    26008    32006    34005    40006    3.020000    174000.000000    606.000000
-1    21317    26006    32004    34005    40005    2.990000    37010.000000    1201.000000
-1    17478    26005    32005    34005    40006    2.990000    59630.000000    567.000000
-1    25397    26007    32004    34004    40005    2.920000    913600.000000    1367.000000
-1    29782    26008    32005    34006    40006    2.900000    359000.000000    669.000000
-1    17222    26005    32004    34005    40006    2.900000    230100.000000    762.000000
-1    21590    26006    32005    34006    40006    2.900000    121700.000000    701.000000
-1    21318    26006    32004    34005    40006    2.900000    294200.000000    873.000000
-1    17511    26005    32005    34007    40007    2.880000    35640.000000    1012.000000
-1    25686    26007    32005    34006    40006    2.880000    689000.000000    681.000000
-1    16949    26005    32003    34004    40005    2.840000    69570.000000    1397.000000
-1    21863    26006    32006    34007    40007    2.770000    150800.000000    1103.000000
-1    17495    26005    32005    34006    40007    2.770000    220300.000000    938.000000
-1    25687    26007    32005    34006    40007    2.770000    750400.000000    1085.000000
-1    21574    26006    32005    34005    40006    2.760000    688800.000000    664.000000
-1    26216    26007    32007    34007    40008    2.740000    94660.000000    600.000000
-1    21301    26006    32004    34004    40005    2.740000    738200.000000    1414.000000
-1    30038    26008    32006    34006    40006    2.720000    1362000.000000    594.000000
-1    21847    26006    32006    34006    40007    2.700000    105700.000000    1012.000000
-1    25670    26007    32005    34005    40006    2.690000    1960000.000000    636.000000
-1    17784    26005    32006    34008    40008    2.690000    60860.000000    591.000000
-1    29766    26008    32005    34005    40006    2.690000    2025000.000000    627.000000
-1    30311    26008    32007    34007    40007    2.680000    180900.000000    817.000000
-1    21591    26006    32005    34006    40007    2.670000    765700.000000    1126.000000
-1    21864    26006    32006    34007    40008    2.650000    606600.000000    836.000000
-1    17768    26005    32006    34007    40008    2.630000    142200.000000    722.000000
-1    21881    26006    32006    34008    40009    2.620000    195700.000000    397.000000
-1    21880    26006    32006    34008    40008    2.610000    189000.000000    695.000000
-1    18331    26005    32008    34010    40011    2.600000    26270.000000    554.000000
-1    18074    26005    32007    34010    40010    2.590000    44000.000000    348.000000
-1    22444    26006    32008    34011    40012    2.590000    71910.000000    474.000000
-1    17785    26005    32006    34008    40009    2.590000    106100.000000    346.000000
-1    22170    26006    32007    34010    40010    2.580000    89920.000000    408.000000
-1    18621    26005    32009    34012    40013    2.570000    18630.000000    522.000000
-1    25959    26007    32006    34007    40007    2.550000    1118000.000000    1075.000000
-1    18041    26005    32007    34008    40009    2.550000    14500.000000    271.000000
-1    26505    26007    32008    34009    40009    2.550000    44350.000000    313.000000
-1    18620    26005    32009    34012    40012    2.540000    16330.000000    454.000000
-1    18057    26005    32007    34009    40009    2.530000    31930.000000    270.000000
-1    17512    26005    32005    34007    40008    2.520000    91570.000000    750.000000
-1    22137    26006    32007    34008    40009    2.520000    265600.000000    317.000000
-1    30039    26008    32006    34006    40007    2.500000    3972000.000000    964.000000
-1    25943    26007    32006    34006    40007    2.500000    1620000.000000    990.000000
-1    22426    26006    32008    34010    40010    2.480000    113300.000000    393.000000
-1    30585    26008    32008    34008    40009    2.480000    24440.000000    281.000000
-1    22733    26006    32009    34013    40013    2.470000    64260.000000    633.000000
-1    18347    26005    32008    34011    40011    2.460000    32350.000000    523.000000
-1    18058    26005    32007    34009    40010    2.460000    78310.000000    348.000000
-1    22700    26006    32009    34011    40012    2.460000    32930.000000    473.000000
-1    18348    26005    32008    34011    40012    2.450000    33520.000000    397.000000
-1    22989    26006    32010    34013    40013    2.440000    49700.000000    910.000000
-1    22443    26006    32008    34011    40011    2.440000    143900.000000    641.000000
-1    25976    26007    32006    34008    40008    2.430000    356600.000000    665.000000
-1    30056    26008    32006    34007    40008    2.430000    1767000.000000    786.000000
-1    30055    26008    32006    34007    40007    2.430000    3326000.000000    1039.000000
-1    34408    26009    32007    34007    40008    2.420000    7259000.000000    535.000000
-1    30312    26008    32007    34007    40008    2.420000    2901000.000000    594.000000
-1    22427    26006    32008    34010    40011    2.410000    172100.000000    678.000000
-1    34407    26009    32007    34007    40007    2.400000    4101000.000000    730.000000
-1    34151    26009    32006    34007    40007    2.400000    2318000.000000    950.000000
-1    26523    26007    32008    34010    40011    2.400000    509400.000000    664.000000
-1    22153    26006    32007    34009    40009    2.400000    220400.000000    315.000000
-1    26506    26007    32008    34009    40010    2.390000    520000.000000    403.000000
-1    25960    26007    32006    34007    40008    2.380000    1692000.000000    808.000000
-1    26233    26007    32007    34008    40009    2.380000    1218000.000000    304.000000
-1    18637    26005    32009    34013    40013    2.380000    23840.000000    538.000000
-1    22154    26006    32007    34009    40010    2.370000    278100.000000    421.000000
-1    22717    26006    32009    34012    40013    2.360000    59320.000000    624.000000
-1    26232    26007    32007    34008    40008    2.350000    764600.000000    510.000000
-1    26250    26007    32007    34009    40010    2.340000    436200.000000    403.000000
-1    23296    26006    32011    34016    40016    2.330000    30260.000000    1894.000000
-1    23006    26006    32010    34014    40014    2.330000    67900.000000    1697.000000
-1    30874    26008    32009    34010    40010    2.320000    172500.000000    365.000000
-1    26813    26007    32009    34012    40013    2.300000    136900.000000    605.000000
-1    30328    26008    32007    34008    40008    2.290000    4540000.000000    503.000000
-1    26812    26007    32009    34012    40012    2.280000    556900.000000    501.000000
-1    22716    26006    32009    34012    40012    2.280000    115900.000000    525.000000
-1    27358    26007    32011    34014    40014    2.260000    100500.000000    1440.000000
-1    26796    26007    32009    34011    40012    2.260000    276000.000000    449.000000
-1    30892    26008    32009    34011    40012    2.260000    585800.000000    446.000000
-1    34424    26009    32007    34008    40008    2.250000    11810000.000000    471.000000
-1    30329    26008    32007    34008    40009    2.230000    3616000.000000    295.000000
-1    27648    26007    32012    34016    40016    2.220000    91980.000000    1427.000000
-1    26249    26007    32007    34009    40009    2.220000    1016000.000000    303.000000
-1    27085    26007    32010    34013    40013    2.220000    367700.000000    891.000000
-1    31165    26008    32010    34012    40013    2.220000    256300.000000    828.000000
-1    34681    26009    32008    34008    40009    2.210000    4761000.000000    263.000000
-1    34680    26009    32008    34008    40008    2.210000    858900.000000    485.000000
-1    18910    26005    32010    34014    40014    2.200000    21350.000000    1510.000000
-1    26522    26007    32008    34010    40010    2.200000    880100.000000    388.000000
-1    38520    26010    32007    34008    40008    2.190000    6235000.000000    413.000000
-1    30345    26008    32007    34009    40009    2.190000    1998000.000000    296.000000
-1    26539    26007    32008    34011    40011    2.170000    466500.000000    613.000000
-1    30875    26008    32009    34010    40011    2.170000    514700.000000    622.000000
-1    30601    26008    32008    34009    40009    2.170000    2460000.000000    307.000000
-1    31470    26008    32011    34015    40014    2.160000    156900.000000    1457.000000
-1    31198    26008    32010    34014    40014    2.160000    329300.000000    1574.000000
-1    27102    26007    32010    34014    40014    2.160000    211100.000000    1662.000000
-1    34135    26009    32006    34006    40007    2.160000    2963000.000000    892.000000
-1    30618    26008    32008    34010    40010    2.160000    3689000.000000    370.000000
-1    26795    26007    32009    34011    40011    2.150000    359700.000000    629.000000
-1    35549    26009    32011    34014    40013    2.150000    566600.000000    912.000000
-1    34971    26009    32009    34010    40011    2.120000    2564000.000000    584.000000
-1    38810    26010    32008    34010    40010    2.100000    1666000.000000    312.000000
-1    31744    26008    32012    34016    40016    2.100000    421100.000000    1366.000000
-1    30619    26008    32008    34010    40011    2.100000    843600.000000    642.000000
-1    34697    26009    32008    34009    40009    2.100000    14100000.000000    281.000000
-1    34425    26009    32007    34008    40009    2.090000    3432000.000000    275.000000
-1    30602    26008    32008    34009    40010    2.080000    2375000.000000    384.000000
-1    31743    26008    32012    34016    40015    2.070000    105600.000000    1967.000000
-1    39340    26010    32010    34011    40012    2.060000    754600.000000    498.000000
-1    31727    26008    32012    34015    40015    2.060000    163300.000000    1841.000000
-1    30908    26008    32009    34012    40012    2.050000    1416000.000000    499.000000
-1    31181    26008    32010    34013    40013    2.030000    1409000.000000    855.000000
-1    38794    26010    32008    34009    40010    2.030000    4209000.000000    306.000000
-1    34698    26009    32008    34009    40010    2.020000    4856000.000000    357.000000
-1    38776    26010    32008    34008    40008    2.010000    10240000.000000    434.000000
-1    38777    26010    32008    34008    40009    2.010000    8705000.000000    233.000000
-1    35839    26009    32012    34016    40015    2.000000    526400.000000    1757.000000
-1    34970    26009    32009    34010    40010    1.990000    6606000.000000    345.000000
-1    35004    26009    32009    34012    40012    1.980000    1309000.000000    467.000000
-1    35276    26009    32010    34013    40012    1.970000    349700.000000    649.000000
-1    31164    26008    32010    34012    40012    1.950000    832300.000000    693.000000
-1    36096    26009    32013    34016    40016    1.950000    161200.000000    1643.000000
-1    30891    26008    32009    34011    40011    1.950000    2746000.000000    612.000000
-1    39612    26010    32011    34012    40012    1.940000    164000.000000    531.000000
-1    35566    26009    32011    34015    40014    1.940000    490100.000000    1309.000000
-1    35822    26009    32012    34015    40014    1.940000    125800.000000    1106.000000
-1    39082    26010    32009    34011    40010    1.940000    850100.000000    305.000000
-1    35840    26009    32012    34016    40016    1.940000    1150000.000000    1230.000000
-1    31454    26008    32011    34014    40014    1.920000    741200.000000    1382.000000
-1    39050    26010    32009    34009    40010    1.920000    4237000.000000    323.000000
-1    39049    26010    32009    34009    40009    1.920000    2916000.000000    253.000000
-1    35533    26009    32011    34013    40013    1.920000    1538000.000000    715.000000
-1    35823    26009    32012    34015    40015    1.910000    1701000.000000    1673.000000
-1    34714    26009    32008    34010    40010    1.900000    6689000.000000    351.000000
-1    38793    26010    32008    34009    40009    1.900000    35650000.000000    254.000000
-1    34988    26009    32009    34011    40012    1.890000    799900.000000    414.000000
-1    35277    26009    32010    34013    40013    1.890000    3851000.000000    779.000000
-1    39936    26010    32012    34016    40016    1.860000    1493000.000000    1037.000000
-1    42889    26011    32008    34009    40009    1.850000    12270000.000000    202.000000
-1    35260    26009    32010    34012    40012    1.850000    7412000.000000    632.000000
-1    39067    26010    32009    34010    40011    1.840000    3748000.000000    497.000000
-1    43163    26011    32009    34010    40011    1.840000    791000.000000    411.000000
-1    34987    26009    32009    34011    40011    1.820000    10630000.000000    584.000000
-1    35243    26009    32010    34011    40011    1.820000    399700.000000    794.000000
-1    39645    26010    32011    34014    40013    1.820000    3484000.000000    784.000000
-1    43178    26011    32009    34011    40010    1.820000    2707000.000000    251.000000
-1    39083    26010    32009    34011    40011    1.800000    22410000.000000    501.000000
-1    39356    26010    32010    34012    40012    1.790000    26720000.000000    534.000000
-1    39339    26010    32010    34011    40011    1.790000    16180000.000000    687.000000
-1    39628    26010    32011    34013    40012    1.790000    1236000.000000    533.000000
-1    39372    26010    32010    34013    40012    1.790000    1915000.000000    535.000000
-1    39373    26010    32010    34013    40013    1.760000    3380000.000000    667.000000
-1    39902    26010    32012    34014    40014    1.760000    2394000.000000    909.000000
-1    35550    26009    32011    34014    40014    1.760000    3504000.000000    1224.000000
-1    39355    26010    32010    34012    40011    1.720000    1935000.000000    671.000000
-1    39646    26010    32011    34014    40014    1.720000    8460000.000000    1023.000000
-1    39918    26010    32012    34015    40014    1.720000    2601000.000000    891.000000
-1    43742    26011    32011    34014    40014    1.710000    5676000.000000    816.000000
-1    40192    26010    32013    34016    40016    1.700000    2239000.000000    1384.000000
-1    40191    26010    32013    34016    40015    1.690000    500100.000000    1850.000000
-1    39066    26010    32009    34010    40010    1.670000    42790000.000000    298.000000
-1    39935    26010    32012    34016    40015    1.660000    2362000.000000    1425.000000
-1    43418    26011    32010    34010    40010    1.660000    4200000.000000    348.000000
-1    39629    26010    32011    34013    40013    1.640000    14510000.000000    624.000000
-1    43179    26011    32009    34011    40011    1.630000    9670000.000000    397.000000
-1    44031    26011    32012    34016    40015    1.630000    2380000.000000    1127.000000
-1    44271    26011    32013    34015    40015    1.630000    2308000.000000    1492.000000
-1    43434    26011    32010    34011    40010    1.630000    4441000.000000    347.000000
-1    43161    26011    32009    34010    40009    1.610000    389000.000000    197.000000
-1    43145    26011    32009    34009    40009    1.610000    18700000.000000    217.000000
-1    44288    26011    32013    34016    40016    1.610000    9274000.000000    1069.000000
-1    39919    26010    32012    34015    40015    1.590000    6484000.000000    1336.000000
-1    44014    26011    32012    34015    40014    1.570000    14390000.000000    727.000000
-1    43997    26011    32012    34014    40013    1.560000    4515000.000000    698.000000
-1    43724    26011    32011    34013    40012    1.550000    18820000.000000    438.000000
-1    44287    26011    32013    34016    40015    1.550000    10320000.000000    1448.000000
-1    44015    26011    32012    34015    40015    1.540000    14740000.000000    1061.000000
-1    43998    26011    32012    34014    40014    1.530000    23000000.000000    724.000000
-1    47548    26012    32010    34012    40012    1.520000    13450000.000000    362.000000
-1    43146    26011    32009    34009    40010    1.520000    4347000.000000    267.000000
-1    43725    26011    32011    34013    40013    1.500000    46790000.000000    487.000000
-1    48111    26012    32012    34015    40015    1.490000    8685000.000000    851.000000
-1    43708    26011    32011    34012    40012    1.490000    25610000.000000    426.000000
-1    43162    26011    32009    34010    40010    1.470000    80420000.000000    243.000000
-1    43451    26011    32010    34012    40011    1.470000    14670000.000000    536.000000
-1    43741    26011    32011    34014    40013    1.450000    14370000.000000    616.000000
-1    48384    26012    32013    34016    40016    1.420000    21090000.000000    887.000000
-1    43435    26011    32010    34011    40011    1.400000    84730000.000000    541.000000
-1    43452    26011    32010    34012    40012    1.390000    46190000.000000    422.000000
-1    48383    26012    32013    34016    40015    1.390000    43690000.000000    1183.000000
-1    48367    26012    32013    34015    40015    1.380000    35050000.000000    1261.000000
-1    48110    26012    32012    34015    40014    1.330000    44470000.000000    593.000000
-1    47547    26012    32010    34012    40011    1.240000    27380000.000000    428.000000
-1    47821    26012    32011    34013    40013    1.240000    79550000.000000    411.000000
-1    48077    26012    32012    34013    40013    1.240000    29390000.000000    432.000000
-1    48094    26012    32012    34014    40014    1.210000    67270000.000000    589.000000
-1    52480    26013    32013    34016    40016    1.210000    9642000.000000    1332.000000
-1    47820    26012    32011    34013    40012    1.180000    59020000.000000    376.000000
-1    47787    26012    32011    34011    40011    1.180000    531500.000000    399.000000
-1    52206    26013    32012    34015    40014    1.140000    17960000.000000    918.000000
-1    47804    26012    32011    34012    40012    1.120000    116700000.000000    380.000000
-1    51917    26013    32011    34013    40013    1.100000    12660000.000000    637.000000
-1    47803    26012    32011    34012    40011    1.090000    15210000.000000    390.000000
-1    48093    26012    32012    34014    40013    1.090000    59210000.000000    564.000000
-1    47530    26012    32010    34011    40010    1.070000    10090000.000000    274.000000
-1    52463    26013    32013    34015    40015    1.050000    66190000.000000    1948.000000
-1    52479    26013    32013    34016    40015    1.050000    93410000.000000    1852.000000
-1    47258    26012    32009    34010    40010    1.020000    12570000.000000    188.000000
-1    47531    26012    32010    34011    40011    0.961000    95370000.000000    454.000000
-1    52190    26013    32012    34014    40014    0.895000    83720000.000000    956.000000
-1    56286    26014    32012    34014    40014    0.772000    6678000.000000    938.000000
-1    47514    26012    32010    34010    40010    0.729000    12850000.000000    267.000000
-1    16916    26005    32003    34002    40004    3.350000    40470.000000    2707.000000
-1    21028    26006    32003    34003    40004    3.310000    377200.000000    3016.000000
-1    21284    26006    32004    34003    40004    3.270000    122700.000000    3057.000000
-1    25413    26007    32004    34005    40005    3.080000    21470.000000    1157.000000
-1    16932    26005    32003    34003    40004    3.070000    222700.000000    2729.000000
-1    21607    26006    32005    34007    40007    2.660000    43420.000000    1210.000000
-1    18075    26005    32007    34010    40011    2.630000    20980.000000    522.000000
-1    18364    26005    32008    34012    40012    2.610000    20060.000000    464.000000
-1    30635    26008    32008    34011    40011    2.170000    187800.000000    606.000000
-1    34441    26009    32007    34009    40009    2.090000    158400.000000    274.000000
-1    35567    26009    32011    34015    40015    2.060000    852100.000000    2021.000000
-1    47837    26012    32011    34014    40013    1.670000    1709000.000000    499.000000
-1    51643    26013    32010    34012    40011    1.430000    122300.000000    651.000000
-1    -47241    25012    31009    33009    39009    1.390000    626300.000000    169.000000
-1    -47275    25012    31009    33011    39011    0.600000    0.000000    0.000000
-1    -47838    25012    31011    33014    39014    2.180000    12010.000000    667.000000
-1    -52207    25013    31012    33015    39015    4.040000    21.990000    1347.000000
-1    -46985    25012    31008    33009    39009    1.960000    273.600000    159.000000
-1    -17206    25005    31004    33004    39006    3.110000    26700.000000    1592.000000
-1    -25942    25007    31006    33006    39006    3.100000    31980.000000    869.000000
-1    -17494    25005    31005    33006    39006    3.080000    17720.000000    1063.000000
-1    -25669    25007    31005    33005    39005    3.040000    251600.000000    1903.000000
-1    -30022    25008    31006    33005    39006    3.020000    174000.000000    1045.000000
-1    -17478    25005    31005    33005    39006    2.990000    59630.000000    1293.000000
-1    -29782    25008    31005    33006    39006    2.900000    359000.000000    1034.000000
-1    -17222    25005    31004    33005    39006    2.900000    230100.000000    1633.000000
-1    -21590    25006    31005    33006    39006    2.900000    121700.000000    1069.000000
-1    -21318    25006    31004    33005    39006    2.900000    294200.000000    1651.000000
-1    -17511    25005    31005    33007    39007    2.880000    35640.000000    634.000000
-1    -25686    25007    31005    33006    39006    2.880000    689000.000000    1040.000000
-1    -21863    25006    31006    33007    39007    2.770000    150800.000000    519.000000
-1    -17495    25005    31005    33006    39007    2.770000    220300.000000    629.000000
-1    -25687    25007    31005    33006    39007    2.770000    750400.000000    609.000000
-1    -21574    25006    31005    33005    39006    2.760000    688800.000000    1289.000000
-1    -26216    25007    31007    33007    39008    2.740000    94660.000000    407.000000
-1    -30038    25008    31006    33006    39006    2.720000    1362000.000000    870.000000
-1    -21847    25006    31006    33006    39007    2.700000    105700.000000    534.000000
-1    -25670    25007    31005    33005    39006    2.690000    1960000.000000    1249.000000
-1    -17784    25005    31006    33008    39008    2.690000    60860.000000    460.000000
-1    -29766    25008    31005    33005    39006    2.690000    2025000.000000    1240.000000
-1    -30311    25008    31007    33007    39007    2.680000    180900.000000    443.000000
-1    -21591    25006    31005    33006    39007    2.670000    765700.000000    621.000000
-1    -21864    25006    31006    33007    39008    2.650000    606600.000000    476.000000
-1    -17768    25005    31006    33007    39008    2.630000    142200.000000    477.000000
-1    -21881    25006    31006    33008    39009    2.620000    195700.000000    532.000000
-1    -21880    25006    31006    33008    39008    2.610000    189000.000000    457.000000
-1    -18331    25005    31008    33010    39011    2.600000    26270.000000    542.000000
-1    -18074    25005    31007    33010    39010    2.590000    44000.000000    773.000000
-1    -22444    25006    31008    33011    39012    2.590000    71910.000000    495.000000
-1    -17785    25005    31006    33008    39009    2.590000    106100.000000    523.000000
-1    -22170    25006    31007    33010    39010    2.580000    89920.000000    781.000000
-1    -18621    25005    31009    33012    39013    2.570000    18630.000000    401.000000
-1    -25959    25007    31006    33007    39007    2.550000    1118000.000000    508.000000
-1    -18041    25005    31007    33008    39009    2.550000    14500.000000    495.000000
-1    -26505    25007    31008    33009    39009    2.550000    44350.000000    490.000000
-1    -18620    25005    31009    33012    39012    2.540000    16330.000000    326.000000
-1    -18057    25005    31007    33009    39009    2.530000    31930.000000    447.000000
-1    -17512    25005    31005    33007    39008    2.520000    91570.000000    517.000000
-1    -22137    25006    31007    33008    39009    2.520000    265600.000000    483.000000
-1    -30039    25008    31006    33006    39007    2.500000    3972000.000000    513.000000
-1    -25943    25007    31006    33006    39007    2.500000    1620000.000000    512.000000
-1    -22426    25006    31008    33010    39010    2.480000    113300.000000    871.000000
-1    -30585    25008    31008    33008    39009    2.480000    24440.000000    527.000000
-1    -22733    25006    31009    33013    39013    2.470000    64260.000000    631.000000
-1    -18347    25005    31008    33011    39011    2.460000    32350.000000    475.000000
-1    -18058    25005    31007    33009    39010    2.460000    78310.000000    719.000000
-1    -22700    25006    31009    33011    39012    2.460000    32930.000000    336.000000
-1    -18348    25005    31008    33011    39012    2.450000    33520.000000    491.000000
-1    -22989    25006    31010    33013    39013    2.440000    49700.000000    788.000000
-1    -22443    25006    31008    33011    39011    2.440000    143900.000000    477.000000
-1    -25976    25007    31006    33008    39008    2.430000    356600.000000    444.000000
-1    -30056    25008    31006    33007    39008    2.430000    1767000.000000    462.000000
-1    -30055    25008    31006    33007    39007    2.430000    3326000.000000    502.000000
-1    -34408    25009    31007    33007    39008    2.420000    7259000.000000    374.000000
-1    -30312    25008    31007    33007    39008    2.420000    2901000.000000    405.000000
-1    -22427    25006    31008    33010    39011    2.410000    172100.000000    545.000000
-1    -34407    25009    31007    33007    39007    2.400000    4101000.000000    400.000000
-1    -34151    25009    31006    33007    39007    2.400000    2318000.000000    470.000000
-1    -26523    25007    31008    33010    39011    2.400000    509400.000000    524.000000
-1    -22153    25006    31007    33009    39009    2.400000    220400.000000    451.000000
-1    -26506    25007    31008    33009    39010    2.390000    520000.000000    776.000000
-1    -25960    25007    31006    33007    39008    2.380000    1692000.000000    472.000000
-1    -26233    25007    31007    33008    39009    2.380000    1218000.000000    474.000000
-1    -18637    25005    31009    33013    39013    2.380000    23840.000000    637.000000
-1    -22154    25006    31007    33009    39010    2.370000    278100.000000    729.000000
-1    -22717    25006    31009    33012    39013    2.360000    59320.000000    401.000000
-1    -26232    25007    31007    33008    39008    2.350000    764600.000000    420.000000
-1    -26250    25007    31007    33009    39010    2.340000    436200.000000    710.000000
-1    -23296    25006    31011    33016    39016    2.330000    30260.000000    1613.000000
-1    -23006    25006    31010    33014    39014    2.330000    67900.000000    907.000000
-1    -30874    25008    31009    33010    39010    2.320000    172500.000000    595.000000
-1    -23279    25006    31011    33015    39015    2.310000    41030.000000    1313.000000
-1    -26813    25007    31009    33012    39013    2.300000    136900.000000    395.000000
-1    -30328    25008    31007    33008    39008    2.290000    4540000.000000    409.000000
-1    -26812    25007    31009    33012    39012    2.280000    556900.000000    314.000000
-1    -22716    25006    31009    33012    39012    2.280000    115900.000000    326.000000
-1    -27358    25007    31011    33014    39014    2.260000    100500.000000    965.000000
-1    -26796    25007    31009    33011    39012    2.260000    276000.000000    326.000000
-1    -30892    25008    31009    33011    39012    2.260000    585800.000000    314.000000
-1    -34424    25009    31007    33008    39008    2.250000    11810000.000000    375.000000
-1    -30329    25008    31007    33008    39009    2.230000    3616000.000000    471.000000
-1    -27648    25007    31012    33016    39016    2.220000    91980.000000    1366.000000
-1    -26249    25007    31007    33009    39009    2.220000    1016000.000000    439.000000
-1    -27085    25007    31010    33013    39013    2.220000    367700.000000    770.000000
-1    -31165    25008    31010    33012    39013    2.220000    256300.000000    483.000000
-1    -27375    25007    31011    33015    39015    2.220000    174400.000000    1270.000000
-1    -34681    25009    31008    33008    39009    2.210000    4761000.000000    488.000000
-1    -34680    25009    31008    33008    39008    2.210000    858900.000000    384.000000
-1    -18910    25005    31010    33014    39014    2.200000    21350.000000    905.000000
-1    -26522    25007    31008    33010    39010    2.200000    880100.000000    846.000000
-1    -38520    25010    31007    33008    39008    2.190000    6235000.000000    313.000000
-1    -30345    25008    31007    33009    39009    2.190000    1998000.000000    436.000000
-1    -26539    25007    31008    33011    39011    2.170000    466500.000000    458.000000
-1    -30875    25008    31009    33010    39011    2.170000    514700.000000    369.000000
-1    -30601    25008    31008    33009    39009    2.170000    2460000.000000    484.000000
-1    -31470    25008    31011    33015    39014    2.160000    156900.000000    1234.000000
-1    -31198    25008    31010    33014    39014    2.160000    329300.000000    863.000000
-1    -27102    25007    31010    33014    39014    2.160000    211100.000000    879.000000
-1    -34135    25009    31006    33006    39007    2.160000    2963000.000000    459.000000
-1    -30618    25008    31008    33010    39010    2.160000    3689000.000000    826.000000
-1    -26795    25007    31009    33011    39011    2.150000    359700.000000    368.000000
-1    -35549    25009    31011    33014    39013    2.150000    566600.000000    640.000000
-1    -34971    25009    31009    33010    39011    2.120000    2564000.000000    341.000000
-1    -38810    25010    31008    33010    39010    2.100000    1666000.000000    646.000000
-1    -31744    25008    31012    33016    39016    2.100000    421100.000000    1317.000000
-1    -30619    25008    31008    33010    39011    2.100000    843600.000000    511.000000
-1    -34697    25009    31008    33009    39009    2.100000    14100000.000000    443.000000
-1    -34425    25009    31007    33008    39009    2.090000    3432000.000000    437.000000
-1    -30602    25008    31008    33009    39010    2.080000    2375000.000000    760.000000
-1    -31471    25008    31011    33015    39015    2.080000    548700.000000    1251.000000
-1    -31743    25008    31012    33016    39015    2.070000    105600.000000    1212.000000
-1    -35567    25009    31011    33015    39015    2.060000    856700.000000    1131.000000
-1    -39340    25010    31010    33011    39012    2.060000    754600.000000    336.000000
-1    -31727    25008    31012    33015    39015    2.060000    163300.000000    1049.000000
-1    -30908    25008    31009    33012    39012    2.050000    1416000.000000    310.000000
-1    -31181    25008    31010    33013    39013    2.030000    1409000.000000    743.000000
-1    -38794    25010    31008    33009    39010    2.030000    4209000.000000    605.000000
-1    -34698    25009    31008    33009    39010    2.020000    4856000.000000    701.000000
-1    -38776    25010    31008    33008    39008    2.010000    10240000.000000    331.000000
-1    -38777    25010    31008    33008    39009    2.010000    8705000.000000    396.000000
-1    -35839    25009    31012    33016    39015    2.000000    526400.000000    1089.000000
-1    -34970    25009    31009    33010    39010    1.990000    6606000.000000    543.000000
-1    -35004    25009    31009    33012    39012    1.980000    1309000.000000    291.000000
-1    -35276    25009    31010    33013    39012    1.970000    349700.000000    603.000000
-1    -31164    25008    31010    33012    39012    1.950000    832300.000000    442.000000
-1    -36096    25009    31013    33016    39016    1.950000    161200.000000    1997.000000
-1    -30891    25008    31009    33011    39011    1.950000    2746000.000000    360.000000
-1    -39612    25010    31011    33012    39012    1.940000    164000.000000    427.000000
-1    -35566    25009    31011    33015    39014    1.940000    490100.000000    1109.000000
-1    -35822    25009    31012    33015    39014    1.940000    125800.000000    999.000000
-1    -39082    25010    31009    33011    39010    1.940000    850100.000000    433.000000
-1    -35840    25009    31012    33016    39016    1.940000    1150000.000000    1199.000000
-1    -31454    25008    31011    33014    39014    1.920000    741200.000000    983.000000
-1    -39050    25010    31009    33009    39010    1.920000    4237000.000000    471.000000
-1    -39049    25010    31009    33009    39009    1.920000    2916000.000000    305.000000
-1    -35533    25009    31011    33013    39013    1.920000    1538000.000000    809.000000
-1    -35823    25009    31012    33015    39015    1.910000    1701000.000000    971.000000
-1    -34714    25009    31008    33010    39010    1.900000    6689000.000000    762.000000
-1    -38793    25010    31008    33009    39009    1.900000    35650000.000000    372.000000
-1    -34988    25009    31009    33011    39012    1.890000    799900.000000    299.000000
-1    -35277    25009    31010    33013    39013    1.890000    3851000.000000    692.000000
-1    -39936    25010    31012    33016    39016    1.860000    1493000.000000    988.000000
-1    -42889    25011    31008    33009    39009    1.850000    12270000.000000    305.000000
-1    -35260    25009    31010    33012    39012    1.850000    7412000.000000    402.000000
-1    -39067    25010    31009    33010    39011    1.840000    3748000.000000    297.000000
-1    -43163    25011    31009    33010    39011    1.840000    791000.000000    241.000000
-1    -34987    25009    31009    33011    39011    1.820000    10630000.000000    339.000000
-1    -35243    25009    31010    33011    39011    1.820000    399700.000000    394.000000
-1    -39645    25010    31011    33014    39013    1.820000    3484000.000000    530.000000
-1    -43178    25011    31009    33011    39010    1.820000    2707000.000000    344.000000
-1    -39083    25010    31009    33011    39011    1.800000    22410000.000000    284.000000
-1    -39356    25010    31010    33012    39012    1.790000    26720000.000000    340.000000
-1    -39339    25010    31010    33011    39011    1.790000    16180000.000000    322.000000
-1    -39628    25010    31011    33013    39012    1.790000    1236000.000000    611.000000
-1    -39372    25010    31010    33013    39012    1.790000    1915000.000000    500.000000
-1    -39373    25010    31010    33013    39013    1.760000    3380000.000000    569.000000
-1    -39902    25010    31012    33014    39014    1.760000    2394000.000000    742.000000
-1    -35550    25009    31011    33014    39014    1.760000    3504000.000000    886.000000
-1    -39355    25010    31010    33012    39011    1.720000    1935000.000000    349.000000
-1    -39646    25010    31011    33014    39014    1.720000    8460000.000000    739.000000
-1    -39918    25010    31012    33015    39014    1.720000    2601000.000000    843.000000
-1    -43742    25011    31011    33014    39014    1.710000    5676000.000000    619.000000
-1    -40192    25010    31013    33016    39016    1.700000    2239000.000000    1633.000000
-1    -40191    25010    31013    33016    39015    1.690000    500100.000000    1496.000000
-1    -39066    25010    31009    33010    39010    1.670000    42790000.000000    484.000000
-1    -39935    25010    31012    33016    39015    1.660000    2362000.000000    885.000000
-1    -43418    25011    31010    33010    39010    1.660000    4200000.000000    496.000000
-1    -39629    25010    31011    33013    39013    1.640000    14510000.000000    660.000000
-1    -43179    25011    31009    33011    39011    1.630000    9670000.000000    232.000000
-1    -44031    25011    31012    33016    39015    1.630000    2380000.000000    736.000000
-1    -44271    25011    31013    33015    39015    1.630000    2308000.000000    1194.000000
-1    -43434    25011    31010    33011    39010    1.630000    4441000.000000    452.000000
-1    -43161    25011    31009    33010    39009    1.610000    389000.000000    232.000000
-1    -43145    25011    31009    33009    39009    1.610000    18700000.000000    237.000000
-1    -44288    25011    31013    33016    39016    1.610000    9274000.000000    1322.000000
-1    -39919    25010    31012    33015    39015    1.590000    6484000.000000    799.000000
-1    -44014    25011    31012    33015    39014    1.570000    14390000.000000    690.000000
-1    -43997    25011    31012    33014    39013    1.560000    4515000.000000    561.000000
-1    -43724    25011    31011    33013    39012    1.550000    18820000.000000    494.000000
-1    -44287    25011    31013    33016    39015    1.550000    10320000.000000    1228.000000
-1    -44015    25011    31012    33015    39015    1.540000    14740000.000000    674.000000
-1    -43998    25011    31012    33014    39014    1.530000    23000000.000000    612.000000
-1    -47548    25012    31010    33012    39012    1.520000    13450000.000000    250.000000
-1    -43146    25011    31009    33009    39010    1.520000    4347000.000000    373.000000
-1    -43725    25011    31011    33013    39013    1.500000    46790000.000000    556.000000
-1    -48111    25012    31012    33015    39015    1.490000    8685000.000000    534.000000
-1    -43708    25011    31011    33012    39012    1.490000    25610000.000000    347.000000
-1    -43162    25011    31009    33010    39010    1.470000    80420000.000000    386.000000
-1    -43451    25011    31010    33012    39011    1.470000    14670000.000000    292.000000
-1    -43741    25011    31011    33014    39013    1.450000    14370000.000000    436.000000
-1    -48384    25012    31013    33016    39016    1.420000    21090000.000000    1060.000000
-1    -43435    25011    31010    33011    39011    1.400000    84730000.000000    285.000000
-1    -48366    25012    31013    33015    39014    1.400000    11420000.000000    1167.000000
-1    -43452    25011    31010    33012    39012    1.390000    46190000.000000    300.000000
-1    -48383    25012    31013    33016    39015    1.390000    43690000.000000    1024.000000
-1    -48367    25012    31013    33015    39015    1.380000    35050000.000000    995.000000
-1    -48110    25012    31012    33015    39014    1.330000    44470000.000000    549.000000
-1    -47547    25012    31010    33012    39011    1.240000    27380000.000000    218.000000
-1    -47821    25012    31011    33013    39013    1.240000    79550000.000000    422.000000
-1    -48077    25012    31012    33013    39013    1.240000    29390000.000000    487.000000
-1    -52736    25013    31014    33016    39016    1.210000    24950000.000000    1384.000000
-1    -48094    25012    31012    33014    39014    1.210000    67270000.000000    491.000000
-1    -52480    25013    31013    33016    39016    1.210000    9642000.000000    1141.000000
-1    -47820    25012    31011    33013    39012    1.180000    59020000.000000    413.000000
-1    -47787    25012    31011    33011    39011    1.180000    531500.000000    239.000000
-1    -52206    25013    31012    33015    39014    1.140000    17960000.000000    603.000000
-1    -47804    25012    31011    33012    39012    1.120000    116700000.000000    316.000000
-1    -51917    25013    31011    33013    39013    1.100000    12660000.000000    475.000000
-1    -47803    25012    31011    33012    39011    1.090000    15210000.000000    261.000000
-1    -48093    25012    31012    33014    39013    1.090000    59210000.000000    474.000000
-1    -47530    25012    31010    33011    39010    1.070000    10090000.000000    368.000000
-1    -52463    25013    31013    33015    39015    1.050000    66190000.000000    1060.000000
-1    -52479    25013    31013    33016    39015    1.050000    93410000.000000    1094.000000
-1    -47258    25012    31009    33010    39010    1.020000    12570000.000000    317.000000
-1    -47531    25012    31010    33011    39011    0.961000    95370000.000000    218.000000
-1    -52446    25013    31013    33014    39014    0.934000    16480000.000000    910.000000
-1    -52190    25013    31012    33014    39014    0.895000    83720000.000000    552.000000
-1    -52189    25013    31012    33014    39013    0.835000    116200000.000000    575.000000
-1    -56286    25014    31012    33014    39014    0.772000    6678000.000000    745.000000
-1    -47514    25012    31010    33010    39010    0.729000    12850000.000000    417.000000
-1    -52173    25013    31012    33013    39013    0.673000    97880000.000000    592.000000
-1    -16915    25005    31003    33002    39003    3.660000    28260.000000    4899.000000
-1    -16916    25005    31003    33002    39004    3.350000    40470.000000    3932.000000
-1    -21028    25006    31003    33003    39004    3.310000    377200.000000    2898.000000
-1    -21284    25006    31004    33003    39004    3.270000    122700.000000    2010.000000
-1    -16933    25005    31003    33003    39005    3.120000    33150.000000    3717.000000
-1    -25413    25007    31004    33005    39005    3.080000    21470.000000    2390.000000
-1    -16932    25005    31003    33003    39004    3.070000    222700.000000    2912.000000
-1    -17205    25005    31004    33004    39005    3.070000    232900.000000    2529.000000
-1    -25653    25007    31005    33004    39005    3.040000    272200.000000    2198.000000
-1    -21317    25006    31004    33005    39005    2.990000    37010.000000    2494.000000
-1    -25397    25007    31004    33004    39005    2.920000    913600.000000    2437.000000
-1    -16949    25005    31003    33004    39005    2.840000    69570.000000    4350.000000
-1    -21301    25006    31004    33004    39005    2.740000    738200.000000    2529.000000
-1    -21607    25006    31005    33007    39007    2.660000    43420.000000    627.000000
-1    -18075    25005    31007    33010    39011    2.630000    20980.000000    484.000000
-1    -18364    25005    31008    33012    39012    2.610000    20060.000000    474.000000
-1    -30635    25008    31008    33011    39011    2.170000    187800.000000    445.000000
-1    -34441    25009    31007    33009    39009    2.090000    158400.000000    403.000000
-1    -47837    25012    31011    33014    39013    1.670000    1709000.000000    340.000000
-1    -51643    25013    31010    33012    39011    1.430000    122300.000000    241.000000
